Filename	Tokens	AWL	TTR	$	''	,	-LRB-	-RRB-	.	:	AMP	ANDC	CAUS	CC	CD	CONC	COND	CONJ	DEMO	DEMP	DPAR	DT	DWNT	EMPH	EX	FPP1	FW	GER	HDG	IN	INPR	JJ	LS	NEMD	NN	NOMZ	OSUB	PDT	PHC	PIN	PIT	PLACE	POMD	POS	PRED	PRMD	PRP	QUAN	QUPR	RB	RP	SPP2	SYM	SYNE	THAC	THVC	TIME	TO	TOBJ	TPP3	TSUB	UH	VB	VBD	VBG	VBN	VPRT	WDT	WP	WPS	XX0	[BEMA]	[BYPA]	[CONT]	[PASS]	[PASTP]	[PEAS]	[PIRE]	[PRESP]	[PRIV]	[PROD]	[PUBV]	[SERE]	[SMP]	[SPAU]	[SPIN]	[STPR]	[SUAV]	[THATD]	[WHCL]	[WHOBJ]	[WHQU]	[WHSUB]	[WZPAST]	[WZPRES]	``	
JOC-15B-08N	834	4.52	176	0	0.24	3.84	0	0	7.43	0	0.36	0.24	0.84	1.68	0.72	0.24	0.24	0.96	2.16	0	0.24	5.64	0.36	1.44	0.72	2.64	0	0.48	0	2.16	0	5.28	0	0.84	24.58	1.44	0	0	1.92	9.11	1.80	0.36	0	0.48	1.80	0.48	0	1.44	0.12	3.48	0	0.24	0	0.24	0	0.60	0	2.16	0.36	1.32	0	0	3.72	1.08	1.44	1.68	9.71	0.36	0.36	0	1.80	2.52	0	0.60	0.84	0	0.72	0	0	2.28	0	0.24	0	0.12	0.12	0	0	0.36	0.24	0.12	0	0	0.48	0	0	0.24	
JOC-15B-09N	20880	4.43	183	0	0.40	4.57	0.08	0.08	6.79	0.09	0.41	0.40	0.41	1.97	0.64	0.07	0.58	0.78	2.19	0.57	0.02	7.31	0.34	0.64	0.41	5.45	0.03	0.23	0.02	1.71	0.08	4.82	0.01	1.13	18.93	3.49	0.08	0.01	0.54	8.02	1.53	0.09	0.98	0.65	1.95	0.61	0.02	0.92	0.19	3.37	0.11	0.80	0	0.16	0.14	0.66	0.17	1.84	0.25	1.94	0.08	0.01	5.39	2.01	1.13	1.73	8.82	0.47	0.59	0	2.08	3.37	0.15	0.71	1.19	0.02	0.17	0.01	0.07	3.31	0.05	0.82	0.09	0.06	0.24	0	0.07	0.76	0.69	0.17	0.11	0.07	0.45	0.05	0.17	0.36	
JOC-15B-10N	19612	4.46	190	0	0.33	4.27	0.03	0.03	6.56	0.05	0.42	0.48	0.28	2.07	0.58	0.04	0.33	0.73	1.44	0.40	0.03	7.40	0.33	0.69	0.41	4.06	0.01	0.27	0	1.78	0.07	4.41	0	0.98	24.40	2.08	0.07	0.01	0.64	8.07	1.48	0.15	0.72	0.35	1.53	0.43	0.01	1.24	0.16	3.08	0.06	0.60	0	0.18	0.15	0.85	0.29	1.88	0.15	1.91	0.08	0.02	4.98	2.78	1.22	2.34	7.89	0.27	0.92	0	1.62	2.47	0.17	0.48	1.37	0.03	0.46	0.02	0.07	3.29	0.23	0.93	0.05	0.07	0.27	0.03	0.09	0.62	0.56	0.15	0.08	0.06	0.62	0.05	0.14	0.31	
JOC-15B-11N	18468	4.49	189	0.02	0.57	4.42	0.06	0.06	6.64	0.06	0.52	0.49	0.53	2.00	0.42	0.08	0.42	0.64	1.98	0.61	0.04	7.14	0.27	0.73	0.25	4.89	0.01	0.36	0.03	1.99	0.05	5.01	0	0.93	20.45	3.08	0.08	0.03	0.50	8.72	1.53	0.13	1.01	0.35	1.78	0.47	0	0.76	0.17	3.27	0.09	0.55	0.01	0.14	0.14	0.47	0.18	1.74	0.23	2.13	0.24	0.01	5.07	3.23	0.96	2.12	7.75	0.23	0.66	0.01	2.11	2.84	0.11	0.70	1.23	0.02	0.41	0.02	0.06	3.25	0.20	0.70	0.03	0.11	0.32	0	0.05	0.60	0.69	0.14	0.08	0.02	0.42	0.10	0.12	0.61	
JOC-15B-12N	22846	4.63	207	0.02	0.29	4.33	0.01	0.01	6.64	0.04	0.27	0.53	0.40	2.28	0.75	0.07	0.46	0.83	1.22	0.45	0.08	8.10	0.22	0.91	0.36	3.48	0.01	0.34	0.02	1.57	0.03	8.32	0	0.81	21.13	2.99	0.09	0.00	0.73	8.60	1.31	0.14	0.95	0.41	1.29	0.62	0	1.01	0.18	3.07	0.11	0.47	0	0.12	0.10	0.63	0.33	2.17	0.26	1.31	0.11	0	5.55	1.33	1.56	1.61	8.12	0.28	0.37	0	1.26	2.34	0.10	0.46	0.82	0.01	0.39	0.01	0.06	2.03	0.13	0.80	0.04	0.03	0.23	0.00	0.08	0.56	0.36	0.06	0.04	0.01	0.33	0.07	0.19	0.23	
JOC-15B-13N	19758	4.59	201	0	0.33	4.33	0.04	0.04	7.18	0.05	0.45	0.51	0.40	1.99	0.48	0.08	0.41	0.72	1.03	0.51	0.06	6.63	0.34	0.86	0.45	3.99	0.02	0.24	0.04	1.66	0.03	5.63	0	0.94	22.03	2.36	0.09	0.02	0.60	8.99	1.29	0.20	0.90	0.58	1.62	0.59	0	1.73	0.15	2.83	0.10	0.57	0.02	0.07	0.14	0.55	0.40	2.06	0.30	2.80	0.13	0.01	5.20	1.99	1.45	1.66	8.61	0.20	0.53	0	1.75	3.03	0.16	0.52	0.99	0	0.23	0.01	0.10	2.94	0.16	1.12	0.03	0.10	0.20	0.02	0.09	0.47	0.64	0.14	0.04	0.04	0.33	0.06	0.18	0.32	
JOC-15B-14N	1997	4.63	196	0	0.10	4.16	0	0	6.71	0	0.30	0.50	0.35	2.50	0.90	0.15	0.10	0.55	0.95	0.35	0.15	8.31	0.35	1.05	0.55	2.35	0	0.30	0.05	0.95	0	5.51	0	0.50	22.28	2.35	0.20	0	0.75	9.51	1.45	0.15	0.75	0.35	2.10	0.55	0	1.50	0.15	2.40	0.15	0.30	0	0	0.15	0.70	0.25	2.80	0.20	3.56	0	0	4.91	2.10	2.00	1.75	8.46	0.15	0.45	0	0.60	3.66	0.10	0.15	1.20	0	0.35	0	0.25	2.65	0.10	0.60	0.10	0.10	0.25	0.10	0	0.55	0.40	0	0.05	0.05	0.30	0	0.35	0.10	
JOC-15B-15N	1555	4.58	193	0	0.32	5.40	0.39	0.39	5.47	0.06	0.32	0.58	0.26	1.54	3.54	0.06	0.13	0.77	1.80	0.32	0.06	8.94	0.19	0.71	0.32	2.51	0	0.26	0	1.22	0	6.05	0	0.51	24.76	2.83	0	0.06	0.90	11.83	1.29	0.06	0.64	0.06	1.03	0.71	0	0.90	0.06	2.83	0.06	0.13	0	0	0	0.51	0.19	2.12	0.13	0.77	0.13	0	4.31	2.25	1.09	1.99	5.66	0	0.26	0	1.29	1.93	0.06	0.39	1.41	0	0.19	0	0.19	1.67	0.19	0.32	0	0.19	0.13	0	0	0.19	0.26	0	0	0	0	0.06	0.13	0.39	
JOC-15B-16N	2462	4.59	195	0.04	0.37	4.35	0.12	0.12	6.58	0.08	0.69	0.45	0.28	1.71	1.22	0.04	0.20	0.49	1.87	0.61	0	7.19	0.41	0.77	0.49	4.63	0	0.45	0	1.79	0	4.71	0	0.77	23.31	4.02	0.12	0	1.26	9.38	1.02	0.16	0.93	0.49	0.89	0.37	0	1.62	0.12	3.13	0.08	0.45	0	0.16	0.12	0.77	0.37	1.26	0.24	1.06	0.12	0	3.49	3.05	1.71	2.92	7.15	0.12	0.32	0	1.22	2.23	0.41	0.69	1.34	0.12	0.81	0	0.12	2.84	0.32	0.53	0.04	0.12	0.45	0.04	0.12	0.45	0.45	0.04	0	0.04	0.32	0.08	0.32	0.28	
JOC-15B-17N	3198	4.86	194	0	0.31	3.94	0.13	0.13	6.25	0	0.34	0.41	0.38	1.69	0.94	0.03	0.25	0.75	1.53	0.44	0	8.82	0.25	0.63	0.41	2.85	0	1.22	0.06	1.44	0.03	6.38	0	1.13	19.86	4.16	0.19	0	0.53	8.66	2.28	0.09	0.41	0.13	1.34	0.63	0	1.44	0.03	2.50	0.16	0.19	0	0.13	0.22	0.53	0.50	3.03	0.25	0.84	0.16	0	5.91	2.63	2.56	2.19	6.97	0.41	0.06	0	0.75	2.44	0.09	0.63	1.38	0	0.28	0.06	0.25	2.94	0.13	0.75	0.03	0.03	0.25	0	0.06	0.94	0.59	0	0.03	0.03	0.28	0.06	0.22	0.22	
JOC-15B-18N	1374	4.34	162	0	0	3.06	0	0	8.08	0	0.87	0.36	0.73	1.67	0.29	0	0	0.51	1.38	0.29	0	2.55	0.15	1.75	0.29	14.56	0	1.82	0	1.31	0	4.29	0	0.58	12.52	2.47	0.15	0	0.36	6.70	1.38	0	1.89	0	2.62	0.58	0	1.46	0.07	3.93	0.07	0.36	0	0	0	1.38	0.51	4.59	0.15	0.15	0.07	0	8.30	4.37	1.75	0.66	6.99	0.22	0.44	0	2.04	3.20	0	0.73	0.22	0	0.44	0	0	3.78	0.15	0.44	0	0.07	0.22	0	0	0.15	0.73	0.15	0.15	0.07	0.07	0	0	0	
JOC-12A-01N	4412	4.48	182	0	0.05	4.08	0	0	6.98	0.07	0.43	0.43	0.39	1.77	1.84	0.05	0.50	0.43	1.63	0.39	0.07	5.17	0.20	0.91	0.20	5.28	0	0.16	0.02	2.11	0.07	5.80	0	1.59	22.76	3.01	0.14	0	0.57	6.01	1.47	0.57	0.61	1.29	1.29	0.93	0	0.57	0.20	4.49	0.11	0.05	0	0.18	0.23	0.86	0.57	2.79	0.11	1.52	0.07	0	6.62	3.58	1.18	1.54	6.50	0.11	0.29	0	1.27	1.95	0.07	0.59	0.95	0	0.36	0	0	3.56	0.34	0.75	0.02	0.02	0.23	0.02	0.02	0.23	0.77	0.14	0.02	0	0.14	0.07	0.07	0.05	
JOC-12A-01O	747	4.51	179	0	0	3.88	0	0	7.36	0	0.54	0.40	0.40	2.01	0.80	0	0.80	0.67	1.61	0.54	0	6.56	0.40	0.80	0.27	4.69	0	0	0	1.20	0	5.89	0	1.07	20.75	3.88	0.27	0	0.54	8.43	0.94	0.80	1.34	0.27	1.20	0.54	0	1.61	0	2.68	0.13	0	0	0.40	0	0.80	0	2.41	0	3.08	0.13	0	5.76	0.54	0.94	1.34	9.64	0.54	0.40	0	1.87	2.68	0.27	0.40	0.80	0	0.13	0	0.13	3.21	0.54	0.40	0	0	0.13	0	0	0.13	0.94	0.13	0	0	0.40	0	0.13	0	
JOC-12A-02N	5157	4.43	187	0	0.16	4.01	0.02	0.02	7.25	0.06	0.35	0.43	0.74	2.31	0.48	0.12	0.85	0.68	0.78	0.50	0.02	3.78	0.17	1.32	0.31	5.89	0.04	0.17	0.04	1.75	0.04	5.64	0	0.91	18.21	1.16	0.14	0	0.39	6.07	2.44	0.12	1.30	0.19	2.23	0.74	0.04	1.26	0.27	2.87	0.02	1.55	0.02	0.23	0.17	0.66	0.31	2.99	0.10	2.99	0.04	0	7.43	1.05	1.43	1.28	11.40	0.10	0.60	0.02	2.21	3.41	0.10	1.84	0.76	0.02	0.29	0	0.06	3.63	0.66	1.11	0.02	0.04	0.17	0	0.04	0.54	1.22	0.23	0.02	0.04	0.41	0.02	0.14	0.16	
JOC-12A-02O	112	4.43	75	0	0	1.79	0	0	11.61	0	0	0	0	0.89	0	0	0	0	0.89	0	0	4.46	0	0	0	12.50	0	0	0	5.36	0	3.57	0	3.57	18.75	0	0	0	0	7.14	2.68	0	0	0	1.79	0.89	0	0	0	5.36	0	1.79	0	0	0	0	0	1.79	0	2.68	0	0	9.82	1.79	0	0.89	9.82	0	0.89	0	2.68	2.68	0	1.79	0	0	0.89	0	0	4.46	2.68	0	0	0.89	0.89	0	0	0	0.89	0	0	0.89	0.89	0	0	0	
JOC-12A-03N	3070	4.37	166	0	0.26	4.56	0.07	0.07	6.94	0.10	0.29	0.59	0.33	2.21	0.49	0.10	0.46	0.59	0.94	0.39	0.07	4.89	0.46	1.04	0.29	8.01	0.07	1.40	0	1.50	0	8.57	0	0.55	16.94	1.37	0.13	0	0.85	6.32	1.95	0.16	0.88	0.20	1.89	0.65	0	0.91	0.03	4.17	0.13	1.40	0	0.13	0.07	0.52	0.29	4.07	0.03	0.65	0.03	0	6.84	2.15	2.31	1.14	8.37	0.29	0.39	0	1.21	2.90	0	0.88	0.39	0	0.52	0.07	0.07	4.17	0.13	1.69	0	0	0.29	0.03	0.13	0.13	0.62	0.26	0.10	0.03	0.10	0.03	0.33	0.23	
JOC-12A-04N	4550	4.39	189	0	0.04	3.38	0.02	0.04	7.63	0.09	0.84	0.48	0.46	1.91	0.59	0.24	0.57	0.33	2.33	0.53	0.02	5.71	0.29	1.16	0.15	6.57	0	0.04	0.07	1.76	0	5.58	0	0.33	17.45	1.85	0.13	0	0.48	6.79	1.14	0.13	1.19	0.31	2.09	0.99	0	0.70	0.35	2.99	0.59	0.18	0	0.09	0.09	0.59	0.15	2.40	0.11	5.65	0.11	0	5.45	5.34	1.58	2.42	6.53	0.22	0.59	0.02	1.36	2.92	0.53	0.75	0.75	0.02	0.64	0	0.02	2.97	0.26	0.31	0	0	0.53	0	0.04	0.42	0.90	0.13	0.13	0	0.44	0.09	0.11	0.04	
JOC-12A-04O	141	4.52	92	0	0	3.55	0	0	7.09	0	0	0	0	2.13	0	0.71	0.71	0.71	1.42	0	0	6.38	0	1.42	0.71	6.38	0	0	0	1.42	0.71	7.09	0	0	15.60	2.84	0.71	0	0.71	5.67	0.71	0	1.42	0	1.42	1.42	0	0.71	0	3.55	0.71	0	0	0	0	2.13	0.71	1.42	0	4.96	0	0	5.67	5.67	0.71	2.13	7.09	1.42	0	0	1.42	2.84	0	2.13	2.84	0	0	0	0	2.13	0	0.71	0	0	0	0	0	0	0	0	0	0	0.71	0	0	0	
JOC-12A-05N	6785	4.49	185	0	0.15	4.39	0.01	0.01	7.61	0.01	0.34	0.46	0.77	1.96	0.27	0.13	0.68	0.53	1.41	0.83	0.04	4.58	0.13	0.80	0.75	5.11	0.06	0.32	0.07	1.84	0.07	7.25	0	1.58	18.88	1.87	0.04	0	0.44	7.62	1.74	0.09	1.18	0.59	1.95	0.71	0.04	1.59	0.34	2.71	0.09	0.19	0	0.32	0.19	0.72	0.18	2.25	0.22	2.62	0.01	0	6.65	0.80	1.24	1.80	10.60	0.10	0.60	0	1.84	3.07	0.12	1.24	1.18	0.01	0.22	0.01	0.10	3.20	0.13	1.80	0.04	0	0.18	0.01	0.12	0.90	0.96	0.09	0.06	0.06	0.34	0.03	0.07	0.10	
JOC-12A-05O	1362	4.44	183	0	0.15	4.85	0	0	8.15	0.07	0.07	0.51	0.81	1.54	0.22	0.15	0.44	0.51	0.88	0.37	0.07	5.58	0.15	0.59	0.37	6.53	0	0.15	0	1.62	0	7.05	0	1.91	18.06	2.20	0.07	0	0.15	7.78	1.40	0.29	1.17	0.59	1.84	0.37	0	1.84	0.29	2.79	0.07	0.22	0	0.22	0.15	0.73	0.37	2.28	0.07	2.50	0	0	6.83	0.81	1.32	2.42	10.87	0.22	0.59	0	2.13	3.60	0.07	1.54	1.40	0.07	0.37	0	0.15	4.04	0.07	1.03	0	0.15	0.22	0	0.07	0.95	1.10	0.37	0.07	0	0.44	0	0.15	0.15	
JOC-12A-06N	7251	4.35	182	0	0.08	4.11	0.04	0.04	7.38	0.08	0.46	0.39	0.62	1.96	0.84	0.10	0.50	0.59	2.22	0.69	0.03	6.15	0.21	0.97	0.57	5.05	0.01	0.39	0.06	1.79	0.11	4.94	0	1.37	18.63	1.68	0.08	0	0.47	6.85	1.17	0.12	0.94	0.44	1.28	0.52	0	0.74	0.26	3.25	0.04	0.29	0	0.48	0.10	0.80	0.33	2.88	0.14	4.15	0.07	0	6.63	3.71	1.17	2.12	7.64	0.17	0.66	0	2.18	2.30	0.17	0.94	1.25	0	0.36	0	0.11	3.64	0.23	0.97	0.04	0.08	0.17	0.01	0.01	0.62	0.84	0.23	0.06	0.04	0.37	0.01	0.04	0.07	
JOC-12A-06O	1552	4.29	172	0	0.06	4.83	0.13	0.13	7.73	0	0.45	0.45	0.97	1.55	0.52	0.19	0.58	0.45	2.00	0.71	0.13	5.73	0.13	1.16	0.26	5.41	0.06	0.19	0	1.42	0.06	4.90	0	1.42	18.49	1.80	0.06	0	0.58	7.35	1.22	0.06	0.84	0.06	1.68	0.64	0	0.90	0.06	2.96	0.32	0.26	0	0.64	0.13	0.77	0.45	2.77	0.19	3.99	0.19	0	6.77	4.19	0.90	2.32	7.15	0.13	0.97	0	1.93	3.03	0.19	0.84	1.22	0	0.19	0	0.06	2.51	0.13	0.90	0	0	0.19	0	0.06	0.32	0.64	0.06	0.06	0.19	0.71	0.06	0.06	0.06	
JOC-12A-07N	8212	4.51	170	0	0.15	3.37	0.01	0.01	7.34	0.04	0.41	0.46	0.58	1.86	0.73	0.07	0.61	0.60	1.58	0.65	0.06	5.54	0.12	1.24	0.44	4.24	0.01	0.13	0.01	1.35	0.01	7.04	0	1.19	17.86	3.28	0.11	0	0.47	7.57	1.42	0.12	1.25	0.39	1.53	0.99	0	1.19	0.18	2.93	0.13	0.07	0	0.11	0.12	0.54	0.49	3.29	0.26	2.26	0.11	0	7.77	0.74	2.57	1.70	9.38	0.16	0.63	0	1.30	2.61	0.05	0.89	0.96	0.01	0.23	0.01	0.05	2.79	0.18	0.62	0	0.01	0.28	0.01	0.10	0.71	0.83	0.10	0.09	0.02	0.47	0.05	0.18	0.12	
JOC-12A-07O	2520	4.58	185	0	0.08	4.05	0.08	0.08	6.55	0.04	0.20	0.24	0.52	2.06	1.07	0.20	0.56	0.87	1.23	0.56	0.08	5.99	0.24	1.19	0.52	4.21	0	0.16	0	1.23	0	7.74	0	1.23	18.69	2.94	0.16	0	0.83	7.34	1.43	0.04	1.23	0.48	1.43	0.91	0	1.15	0.16	3.21	0.24	0.20	0	0.04	0.20	0.40	0.56	2.94	0.04	2.54	0.04	0	7.14	0.48	2.86	1.19	9.01	0.16	0.44	0	1.07	2.30	0	0.63	0.36	0.04	0.32	0	0.12	2.86	0.20	0.16	0	0	0.12	0	0.08	0.16	1.11	0.08	0.12	0	0.40	0.12	0.16	0.08	
JOC-12B-01N	7225	4.45	176	0	0.51	3.90	0.07	0.07	7.07	0.04	0.26	0.40	0.68	2.03	0.47	0.15	0.39	0.75	1.22	0.51	0.10	4.82	0.25	1.02	0.24	6.88	2.84	0.40	0.07	1.31	0.03	5.95	0	0.86	15.74	2.20	0.15	0.01	0.64	6.89	1.81	0.11	1.22	0.21	1.51	0.40	0	1.11	0.04	3.92	0.10	0.28	0	0.07	0.18	0.66	0.54	3.79	0.10	1.13	0.07	0	7.52	0.62	2.87	1.31	10.24	0.33	0.29	0	2.01	2.78	0.03	1.08	0.57	0	0.48	0.01	0.04	3.40	0.01	3.70	0.06	0.01	0.17	0	0.04	0.33	1.01	0.26	0.07	0	0.21	0.08	0.14	0.51	
JOC-12B-01O	4020	4.43	165	0	1.32	5.00	0	0	7.06	0.02	0.40	0.32	0.55	1.77	0.70	0.05	0.22	1.27	1.42	0.55	0.15	5.22	0.27	1.29	0.22	7.64	2.21	0.30	0.02	1.59	0.05	5.37	0	1.04	16.47	2.71	0.05	0	0.62	7.81	1.77	0.07	1.22	0.15	1.57	0.35	0	1.32	0.15	3.13	0.07	0.22	0	0.05	0.27	0.50	0.57	3.96	0.22	0.55	0	0	7.79	0.90	2.21	0.97	8.73	0.20	0.20	0.02	1.82	2.66	0	0.95	0.62	0	0.15	0	0.20	3.13	0.12	3.33	0	0	0.17	0.02	0.05	0.25	0.95	0.25	0.05	0.05	0.17	0	0.15	1.17	
JOC-12B-02N	5666	4.49	180	0	0.14	3.67	0.05	0.05	6.71	0.04	0.39	0.32	0.74	2.38	0.83	0.12	0.49	0.60	2.17	0.78	0.07	5.75	0.25	0.94	0.39	4.24	0	0.71	0.02	1.32	0.04	5.56	0	0.74	19.66	2.01	0.05	0.02	1.01	7.70	1.99	0.19	0.88	0.37	1.96	0.86	0	1.29	0.11	4.20	0.05	0.07	0	0.12	0.19	0.58	0.30	2.31	0.18	1.18	0.05	0	5.97	1.38	2.19	1.85	9.58	0.23	0.65	0	1.85	2.81	0.14	1.04	1.20	0	0.34	0	0.07	2.89	0.28	0.67	0.05	0.02	0.30	0.02	0.11	0.41	0.83	0.12	0.07	0	0.55	0.02	0.18	0.23	
JOC-12B-02O	393	4.64	186	0	0.25	3.82	0	0	7.63	0	0.25	0.25	0.51	0.51	0.25	0	0.51	2.04	1.27	1.02	0	6.36	0.25	0.76	0	3.31	0	0	0	2.54	0	8.14	0	0.51	22.90	1.78	0	0	0.51	7.38	1.78	0	0.76	0	2.54	0.76	0	0.51	0	4.07	0	0.25	0	0	0	1.02	0.51	2.29	0	0.25	0	0	4.33	1.27	2.29	3.56	10.69	0.25	0.25	0	0.76	4.07	0	0.51	1.53	0.25	1.78	0	0	2.04	0	0	0	0	0	0	0	0.51	0.51	0	0	0	0.51	0	0	0.25	
JOC-12B-03N	4497	4.38	183	0	0.31	3.71	0.09	0.09	7.54	0.09	0.49	0.40	0.47	1.93	0.60	0.07	0.24	0.49	1.69	0.56	0.04	7.43	0.20	1.25	0.24	5.03	0.07	1.51	0	1.42	0	5.58	0	1.45	17.88	1.87	0.20	0	0.47	7.36	1.73	0.11	1.05	0.47	1.53	0.62	0	1.18	0.24	3.31	0.07	0.11	0	0.09	0.18	0.51	0.44	2.18	0.13	2.60	0.09	0	6.32	2.98	1.05	2.18	8.14	0.38	0.71	0	2.13	2.47	0.24	1.27	1.31	0	0.36	0	0.13	3.82	0.36	0.60	0.04	0.04	0.22	0	0.09	0.31	0.78	0.53	0.07	0	0.40	0.09	0.04	0.18	
JOC-12B-03O	104	4.33	74	0	0	3.85	0	0	5.77	0	0.96	1.92	0	0.96	0	0	0	0	2.88	0	0	6.73	0	2.88	0	5.77	0	0.96	0	1.92	0	2.88	0	0.96	16.35	0.96	0	0	0.96	4.81	0.96	0.96	2.88	0.96	3.85	0.96	0	0.96	0	1.92	0	0	0	0	0	1.92	0	0.96	0	1.92	0	0	7.69	3.85	0	3.85	7.69	0	1.92	0	4.81	3.85	0	1.92	2.88	0	0.96	0	0	4.81	0	0.96	0	0	0	0	0	1.92	0.96	0	0	0	0.96	0	0	0	
JOC-12B-04N	5763	4.40	187	0	0.21	4.27	0.03	0.03	6.65	0.03	0.26	0.38	0.66	1.94	0.94	0.12	0.12	0.69	1.42	0.56	0.07	7.58	0.31	1.01	0.50	3.35	0	0.14	0.02	1.63	0.05	4.56	0	0.85	24.05	2.00	0.10	0	0.66	8.49	1.61	0.09	0.68	0.38	1.58	0.40	0	1.42	0.24	2.62	0.03	0.05	0	0.35	0.24	0.61	0.42	1.91	0.24	0.97	0.05	0	4.67	2.46	1.41	2.92	8.76	0.29	0.47	0	2.38	2.45	0.12	1.20	1.56	0	0.94	0	0.14	3.07	0.16	0.87	0	0.03	0.14	0	0.09	0.42	0.76	0.09	0.07	0.02	0.43	0.02	0.10	0.21	
JOC-12B-04O	60	5.02	41	0	0	1.67	0	0	6.67	0	0	0	0	0	0	0	0	0	1.67	1.67	0	3.33	0	0	0	5.00	0	0	0	0	0	1.67	0	5.00	25.00	3.33	0	0	0	16.67	0	0	0	0	0	0	0	3.33	0	3.33	0	0	0	0	0	0	1.67	0	1.67	0	0	0	5.00	0	0	6.67	11.67	1.67	1.67	0	0	1.67	0	1.67	6.67	0	0	0	0	1.67	0	3.33	0	0	0	0	0	1.67	0	0	0	0	3.33	0	0	0	
JOC-12B-05N	5347	4.80	208	0.06	0.26	3.76	0.07	0.07	7.11	0.21	0.77	0.50	0.54	1.87	1.12	0.13	0.77	0.67	1.46	0.54	0.02	6.92	0.24	0.67	0.32	3.65	0.11	0.13	0.02	1.42	0.09	4.69	0	1.37	17.69	2.71	0.13	0	0.67	7.71	1.87	0.06	1.46	0.32	2.30	0.92	0.09	0.88	0.13	3.63	0.04	0.07	0	0.32	0.34	0.71	0.11	2.30	0.11	2.67	0.02	0.02	7.09	2.26	1.16	2.30	8.34	0.26	0.80	0	2.32	3.27	0.15	0.95	1.46	0	0.32	0.02	0.07	3.22	0.15	2.00	0.06	0.02	0.21	0.04	0.04	0.32	0.75	0.45	0.07	0.02	0.30	0.07	0.06	0.26	
JOC-12B-06N	5316	4.56	227	0.04	0.13	4.27	0.04	0.04	7.22	0.06	0.38	0.41	0.43	2.14	0.88	0.08	0.17	0.53	1.17	0.43	0.06	6.02	0.21	0.77	0.26	4.36	0.02	0.15	0.02	1.39	0.02	6.43	0	0.30	21.52	3.01	0.13	0	0.94	9.84	1.45	0.13	0.77	0.85	1.94	0.98	0	1.07	0.09	3.27	0.13	0	0	0.06	0.17	0.60	0.58	1.69	0.13	3.52	0.23	0.04	4.76	2.93	1.28	1.75	8.20	0.30	0.30	0.02	1.19	2.86	0.19	0.87	0.92	0.02	0.43	0.04	0.08	3.10	0.24	0.45	0.11	0.06	0.15	0.02	0.21	0.34	0.83	0.13	0.09	0	0.21	0.06	0.13	0.15	
JOC-12B-07N	6441	4.61	205	0.02	0.20	4.91	0.08	0.08	6.66	0.16	0.50	0.50	0.53	2.42	0.76	0.11	0.19	0.76	1.61	0.64	0.11	5.22	0.36	0.85	0.22	3.79	0	0.12	0.05	1.63	0.05	7.05	0	0.85	21.92	2.03	0.25	0	1.29	8.03	1.61	0.28	0.67	0.57	1.74	0.47	0.02	1.04	0.03	2.93	0.23	0.16	0	0.03	0.11	0.73	0.76	2.42	0.16	1.69	0.29	0.02	5.51	1.89	1.72	1.89	8.83	0.48	0.26	0	1.35	2.89	0.11	0.76	0.53	0.05	0.85	0	0.06	2.52	0.08	0.57	0.08	0.02	0.31	0	0.11	0.28	0.67	0.12	0.05	0.05	0.40	0.11	0.08	0.19	
JOC-12B-07O	680	4.53	187	0	0.74	4.71	0.29	0.29	7.06	0.15	0.29	0.44	0.44	2.65	1.03	0	0.29	0.44	1.03	0.15	0	4.85	0.29	0.74	0.29	2.79	0.15	0	0	1.32	0	7.06	0	0.29	24.41	1.91	0.29	0	0.29	7.79	1.32	0.44	0.74	1.03	1.76	0.74	0	1.62	0	3.09	0.29	0.15	0	0.44	0	0.15	1.32	1.47	0.29	1.76	0.44	0	4.26	1.03	1.18	2.35	12.06	0.74	0.59	0	2.21	3.68	0.15	1.62	0.44	0	1.18	0	0	2.50	0	0.59	0	0.15	0.15	0	0	0.29	0.74	0.44	0	0	0.59	0.29	0.15	0.74	
JOC-12B-08N	5928	4.24	179	0	0.10	3.53	0.02	0.02	7.66	0.07	0.59	0.42	0.76	1.89	0.93	0.22	0.27	0.54	2.41	0.56	0.02	6.85	0.29	1.33	0.25	5.23	0	0.24	0.08	1.59	0.05	3.81	0	1.01	18.32	1.82	0.15	0	0.86	6.44	1.25	0.17	1.10	0.79	2.06	0.54	0.02	0.88	0.19	3.32	0.05	0.02	0	0.15	0.20	0.76	0.35	2.02	0.22	4.37	0.13	0.02	6.09	4.93	0.69	2.36	7.09	0.24	0.86	0	2.34	2.95	0.25	1.21	1.21	0	0.54	0.03	0.10	4.28	0.44	0.78	0	0.02	0.29	0.03	0.02	0.35	0.98	0.29	0.10	0.03	0.42	0.02	0.02	0.10	
JOC-12B-09N	8345	4.37	195	0	0.17	4.34	0.11	0.11	7.56	0.64	0.23	0.42	0.31	1.95	1.97	0.24	0.31	0.31	1.40	0.38	0.06	7.19	0.29	1.20	0.48	4.09	0.05	0.16	0.06	1.50	0.02	6.58	0	0.54	21.82	2.46	0.07	0	0.66	7.79	1.10	0.23	0.75	0.47	1.27	1.32	0.05	1.10	0.32	3.14	0.12	0.16	0.01	0.30	0.14	0.54	0.48	1.76	0.17	1.74	0.08	0.04	5.87	2.34	1.25	1.39	8.32	0.32	0.54	0	2.29	2.29	0.06	1.15	0.87	0.01	0.24	0.04	0.11	2.89	0.07	0.75	0.04	0.04	0.23	0	0.07	1.09	0.75	0.20	0.08	0.01	0.26	0.02	0.22	0.14	
JOC-12B-09O	841	4.68	210	0	0.12	2.73	0	0	7.49	0	0.12	0.36	0.59	1.66	0.36	0	0.24	0.83	1.66	0.24	0.12	6.06	0.12	1.07	0.12	4.52	0	0	0	1.55	0	6.78	0	1.07	21.05	2.85	0.24	0	0.59	7.85	1.31	0.12	0.59	0.59	0.48	1.66	0	1.07	0.24	2.38	0.12	0.36	0	0	0.12	1.78	0.95	2.26	0.59	3.09	0	0	7.25	2.38	0.95	2.02	7.61	0.12	0.36	0	1.31	1.66	0.12	0.71	1.07	0	0.95	0	0.12	4.40	0.36	1.07	0	0	0.24	0	0	0.83	0.83	0	0.12	0	0	0	0	0.12	
JOC-13A-01N	6318	4.48	188	0	0.16	4.21	0.03	0.03	6.92	0.06	0.47	0.51	0.59	1.76	0.74	0.05	0.38	0.68	1.96	0.47	0	7.76	0.30	1.46	0.35	6.06	0	0.22	0.06	1.90	0	5.51	0	1.22	21.81	1.66	0.17	0	0.49	8.78	1.04	0.41	0.49	0.51	1.58	0.22	0.02	1.69	0.13	3.66	0.06	0.13	0	0.17	0.25	0.59	0.14	1.54	0.13	0.76	0.09	0	4.40	3.37	1.23	1.82	7.68	0.32	0.32	0	1.74	2.79	0.25	0.84	0.89	0.02	0.30	0	0.05	3.75	0.06	0.95	0.05	0	0.17	0.02	0.09	0.24	0.63	0.16	0.08	0.05	0.28	0.11	0.17	0.22	
JOC-13A-01O	660	4.52	201	0	0.15	4.55	0	0	6.97	0	1.36	0.61	0.15	2.58	0.15	0	0.30	0.91	1.21	0.45	0	6.52	0.45	1.21	0.15	6.06	0	0	0	1.36	0	5.30	0	1.67	21.36	1.82	0.15	0	0.45	7.73	1.36	0.15	0.91	0.45	2.42	0.30	0.15	0.61	0	3.64	0.15	0	0	0	0.45	0.61	0.76	2.73	0	2.27	0	0	6.36	1.97	1.82	1.36	7.58	0.30	0.15	0	1.36	3.64	0	0.30	1.21	0	0	0	0.15	3.48	0.15	1.21	0	0.45	0.45	0	0.15	0.15	0.45	0.15	0.15	0	0	0	0.15	0.15	
JOC-13A-02N	6364	4.35	168	0.02	0.16	4.13	0.03	0.02	7.02	0.09	0.68	0.36	0.50	1.90	0.49	0.06	0.74	0.80	1.70	0.47	0.08	6.21	0.22	1.10	0.22	5.48	0	0.19	0.02	1.78	0.02	5.15	0	1.07	20.51	1.79	0.08	0	0.35	7.29	2.47	0.30	1.92	0.20	2.00	1.05	0	0.96	0.61	3.63	0.09	0.44	0	0.16	0.24	0.69	0.33	2.20	0.16	0.88	0.09	0	6.84	1.46	1.16	2.28	8.34	0.28	0.28	0	1.27	2.78	0.28	0.69	1.46	0	0.20	0.02	0.08	2.91	0.06	0.46	0.05	0.03	0.33	0.03	0.03	0.44	0.83	0.08	0.05	0.03	0.28	0.09	0.11	0.11	
JOC-13A-02O	155	4.49	97	0	0	2.58	0	0	9.03	0	0	0	0	2.58	0	0	0	1.29	3.23	0.65	0	4.52	1.29	1.29	0.65	5.16	0	0	0	2.58	0	7.10	0	3.23	16.77	1.94	0.65	0	1.29	7.74	3.23	0	1.94	0	2.58	1.29	0	2.58	0	6.45	1.29	0	0	0	0	0	0	0.65	0	0.65	0	0	7.74	0	1.94	1.94	3.23	0	0	0	1.94	2.58	0	0.65	1.29	0	0.65	0	0	0.65	0	0	0	0	0.65	0	0	0	0	0	0	0	0	0	0.65	0	
JOC-13A-03N	4737	4.34	153	0	0.27	4.14	0.02	0.04	6.69	0.06	0.46	0.34	0.68	2.15	0.32	0.08	0.32	0.70	1.39	0.44	0.15	5.68	0.59	0.97	0.23	9.18	0.02	0.93	0.02	1.90	0.02	8.25	0	0.30	16.61	1.01	0.11	0	0.68	6.78	1.56	0.08	0.78	0.08	2.01	0.46	0	1.01	0.13	3.76	0.19	0.27	0	0.06	0.11	0.63	0.44	3.99	0.08	0.63	0.06	0	6.33	3.38	2.62	0.87	7.83	0.32	0.06	0	1.48	3.00	0.02	1.22	0.27	0	0.40	0	0.11	4.81	0.11	0.99	0	0.08	0.21	0.02	0.08	0.23	0.65	0.25	0.17	0	0.13	0.04	0.17	0.23	
JOC-13A-04N	5590	4.17	198	0	0.25	3.43	0.02	0.05	7.84	0.09	0.55	0.32	0.39	2.34	1.13	0.14	0.47	0.61	1.29	0.29	0.09	4.28	0.38	1.23	0.30	8.18	0.02	0.16	0.04	1.95	0.02	6.58	0	0.36	17.75	1.32	0.02	0.07	0.52	5.40	1.02	0.07	1.16	0.59	2.16	0.97	0	1.11	0.41	3.67	0.20	0.38	0	0.04	0.11	0.79	0.54	2.61	0.21	4.74	0	0	6.15	3.24	1.70	1.56	8.46	0.18	0.32	0.02	1.54	3.72	0.05	0.93	0.84	0	0.50	0	0.09	2.84	0.30	0.50	0	0.04	0.47	0.02	0.05	0.30	0.81	0.11	0.09	0.02	0.18	0	0.11	0.27	
JOC-13A-04O	3307	4.21	156	0	0.06	3.99	0.06	0.06	7.17	0.09	0.97	0.48	0.33	2.12	1.18	0.09	0.36	0.45	1.54	0.45	0.06	4.54	0.36	1.15	0.39	6.80	0	0.06	0	1.91	0.03	6.50	0	0.45	17.93	1.00	0.12	0.03	0.64	6.62	1.36	0.15	1.27	0.12	2.12	0.60	0.03	1.33	0.45	3.84	0.30	0.33	0	0.03	0.18	0.57	0.42	2.75	0.30	4.20	0.06	0	5.53	3.60	1.75	1.51	8.13	0.18	0.60	0.03	1.24	3.57	0.12	0.67	0.64	0.03	0.48	0.03	0.12	3.05	0.39	0.48	0.03	0	0.21	0.03	0.12	0.30	0.79	0.12	0.09	0.03	0.45	0.06	0.18	0.06	
JOC-13A-05N	7143	4.47	178	0	0.22	4.12	0.01	0.01	7.25	0.03	0.21	0.43	0.53	2.39	0.17	0.08	0.34	0.70	1.18	0.39	0.06	5.87	0.22	1.29	0.22	5.52	0.01	0.28	0.08	1.72	0.03	4.20	0	1.43	20.73	1.36	0.07	0.01	0.50	7.71	1.76	0.53	0.90	0.59	2.53	0.45	0	1.02	0.25	3.40	0.24	0.22	0	0.11	0.34	0.55	0.38	2.73	0.38	2.24	0.06	0	6.62	1.72	2.13	1.46	9.35	0.14	0.60	0	1.51	3.35	0.11	0.71	0.77	0.03	0.17	0.03	0.14	2.80	0.08	1.11	0	0.08	0.21	0	0.04	0.60	0.62	0.13	0.08	0.07	0.32	0.08	0.22	0.21	
JOC-13A-05O	979	4.37	167	0	0.31	4.80	0	0	6.84	0.10	0.51	0.51	0.72	1.74	0.31	0	0.41	0.72	1.94	0.31	0	6.33	0.10	0.82	0.31	6.95	0.10	0.10	0	1.63	0.10	3.88	0	1.33	19.10	1.23	0.10	0	0.20	5.82	1.74	0.41	1.63	0.82	2.25	0.31	0	1.33	0.10	4.70	0.20	0.31	0	0	0.20	0.61	0.51	2.96	0.20	1.53	0	0	7.76	3.17	1.33	1.84	8.07	0.51	0.51	0	2.35	2.76	0.20	1.53	1.12	0	0.10	0	0.20	3.47	0.61	1.02	0.10	0	0.41	0	0	0.20	0.61	0.10	0.31	0.10	0.41	0	0.10	0	
JOC-13A-06N	5339	4.48	211	0	1.24	5.13	0.04	0.04	7.44	0	0.26	0.51	0.58	2.57	0.43	0.02	0.52	0.81	1.46	0.52	0.11	6.41	0.66	0.73	0.22	5.45	0.02	0.26	0.06	1.69	0.07	6.65	0	0.66	20.43	2.45	0.09	0	0.30	8.32	1.95	0.13	0.97	0.58	1.70	1.16	0	1.18	0.30	2.88	0.17	0.26	0	0.21	0.13	0.39	0.52	1.76	0.17	0.45	0.07	0	5.69	1.72	1.48	1.46	9.44	0.21	0.22	0	2.51	2.81	0.06	1.31	0.67	0	0.51	0	0.07	3.26	0.11	0.79	0.06	0.06	0.21	0	0.04	0.34	0.88	0.17	0.07	0.02	0.17	0.09	0.13	1.39	
JOC-13A-06O	255	4.53	153	0	0.39	4.31	0.78	0.78	6.27	0	0	0	0.39	1.96	4.71	0	0.39	0.78	0.78	0	0	10.20	0	0.78	0	3.53	0	0.39	0	1.96	0	5.49	0	0	21.57	3.53	0.39	0.39	1.18	10.98	1.96	0	0.39	0	1.18	2.75	0	0.78	0.39	1.57	0.39	0	0	0	0	0.39	0.78	1.18	0	0.39	0	0	4.71	2.75	0.78	1.96	6.27	0	0.39	0	1.18	1.96	0	0.39	0.39	0	1.18	0	0.39	1.96	0.39	0	0	0.39	0	0	0	0	0.78	0	0	0	0	0	0	0.39	
JOC-13A-07N	3619	4.65	162	0	0.22	4.64	0	0	6.85	0.03	0.36	0.53	0.44	2.24	0.33	0.03	0.80	0.58	0.41	0.36	0	6.27	0.11	1.63	0.17	6.71	0	0.22	0.08	1.08	0.03	6.58	0	0.83	15.06	4.48	0.11	0	0.72	6.85	1.77	0.03	1.16	0.55	2.35	0.39	0.03	0.91	0.17	4.48	0	0.58	0	0.17	0.11	0.47	0	4.59	0.19	1.08	0	0	8.12	1.33	2.57	0.83	9.23	0.11	0.64	0	1.22	2.79	0.06	0.53	0.53	0	0	0	0.25	4.23	0.94	0.91	0.03	0.08	0.19	0.03	0	0.22	0.55	0.25	0.08	0.06	0.03	0.06	0.03	0.22	
JOC-13A-08N	6271	4.56	172	0	0.05	4.05	0	0	6.94	0.06	0.40	0.33	0.57	2.10	0.53	0.11	0.57	0.61	1.10	0.35	0.03	7.57	0.14	0.85	0.35	4.42	0.02	0.19	0.03	1.77	0.03	4.91	0	1.04	21.05	4.50	0.06	0	0.62	8.16	2.04	0.02	0.85	0.48	2.01	0.94	0	1.04	0.05	3.30	0.05	0.27	0	0.18	0.21	0.88	0.35	2.06	0.16	1.34	0.08	0	5.84	1.66	1.61	1.55	8.83	0.10	0.22	0	1.58	2.90	0.06	0.81	0.99	0	0.33	0	0.08	4.51	0.16	0.67	0	0.16	0.29	0	0.03	0.37	0.83	0.10	0	0	0.16	0.03	0.16	0.08	
JOC-13A-08O	200	4.74	115	0	0	3.00	0	0	9.00	0	0	1.00	0	1.50	0.50	0	0	1.00	0.50	0	0.50	8.00	0	0.50	0.50	3.00	0	0	0	2.50	0	6.00	0	3.00	23.50	6.50	0	0	0	9.00	0.50	0	0	0.50	1.00	3.00	0	1.00	0	1.50	0	0	0	0	0.50	1.00	0	2.00	0	0.50	0	0	8.50	0	3.00	1.50	6.50	0	1.00	0	0	1.00	0	0.50	1.00	0	0.50	0	0	4.50	0.50	1.00	0	0	0	0	0	0	1.00	0.50	0	0	0.50	0	0	0	
JOC-13A-09N	5427	4.33	176	0	0.29	4.39	0.02	0.02	7.48	0.07	0.15	0.33	0.74	2.30	0.33	0.20	0.42	0.66	1.23	0.46	0.04	7.78	0.17	0.92	0.26	5.58	0.02	0.04	0.04	1.88	0.04	4.50	0	0.94	18.04	3.81	0.09	0.04	0.24	7.30	1.64	0.17	1.38	0.53	1.49	0.59	0	1.11	0.20	2.52	0.02	0.42	0	0.07	0.20	0.61	0.09	1.75	0.17	4.79	0.13	0	5.79	2.69	1.20	1.70	9.10	0.53	0.42	0.02	2.14	3.48	0.28	1.03	0.90	0	0.29	0.02	0.17	3.41	0.28	1.01	0.13	0.04	0.11	0	0.02	0.88	1.12	0.28	0.04	0.04	0.28	0.07	0.04	0.29	
JOC-13A-09O	131	4.34	87	0	0	3.82	0	0	6.87	0	0	0	1.53	2.29	0	0	0	0	3.05	0	0	3.05	0	0	0.76	3.82	0	0	0	3.05	0	3.05	0	1.53	19.85	4.58	0	0	0	8.40	0.76	0	0	2.29	2.29	0.76	0	3.05	0	2.29	0	0	0	0	0	0	0	0	0	10.69	0	0	2.29	5.34	2.29	1.53	8.40	0.76	2.29	0	2.29	3.05	0	1.53	1.53	0	0	0	0	2.29	0	0.76	0	0	0	0	0	0	0.76	0	0.76	0.76	0.76	0	0	0	
JOC-13B-01N	5692	4.52	205	0	0.12	3.44	0.07	0.07	7.77	0.04	0.69	0.42	0.63	1.72	0.56	0.11	0.21	0.58	2.51	0.74	0.05	6.04	0.42	1.21	0.35	5.39	0.02	0.14	0.05	1.48	0.09	5.87	0	1.46	18.94	1.97	0.11	0.04	0.69	7.85	1.30	0.21	1.05	0.19	1.53	0.42	0.02	1.39	0.11	3.57	0.02	0.58	0	0.19	0.23	0.60	0.26	3.14	0.12	1.65	0.05	0	6.94	2.41	1.30	1.84	8.01	0.11	0.32	0	1.63	2.72	0.11	0.79	1.05	0	0.44	0	0.09	3.16	0.26	0.63	0.02	0.04	0.40	0	0.16	0.58	0.61	0.04	0.04	0.02	0.25	0.02	0.26	0.11	
JOC-13B-01O	347	4.15	174	0	0	2.88	0	0	6.63	0	0.86	0.29	0.58	2.31	0.29	0.29	1.44	0	3.17	0	0	4.03	0.58	2.59	0.29	5.76	0	0	0	0.58	0	3.46	0	0.86	19.88	0.86	0.29	0	0.58	9.80	2.31	0.29	0.58	0	1.44	0.29	0	1.44	0.29	4.61	0	0	0	0.58	0	0	0.29	2.88	0	1.73	0	0	6.05	2.02	0.86	3.17	8.36	0.29	0.86	0	2.02	2.59	0	1.15	0.86	0	0.29	0	0	4.32	0	0.29	0.29	0	0.29	0	0	0.58	0.86	0.86	0	0	0.86	1.15	0	0	
JOC-13B-02N	2471	4.38	204	0	0.16	3.28	0.20	0.20	7.37	0	0.32	0.32	0.49	1.70	1.01	0.04	0.20	0.73	1.46	0.53	0	7.45	0.36	1.13	0.28	4.65	0.04	0.08	0.16	1.82	0.04	5.46	0	1.66	23.23	2.63	0.12	0	0.57	7.77	1.50	0.16	0.53	0.40	1.54	0.45	0	1.30	0.16	2.23	0.04	0.08	0	0.08	0.16	0.81	0.24	2.59	0.36	0.97	0	0	6.15	1.54	1.78	1.82	8.22	0.20	0.49	0	1.17	2.55	0.28	0.57	1.09	0.12	0.24	0	0.04	4.13	0.16	0.32	0.04	0	0.40	0	0.08	0.16	0.61	0.12	0.04	0	0.40	0	0.28	0.24	
JOC-13B-03N	5874	4.39	187	0	0.37	3.86	0.10	0.09	8.24	0.03	0.54	0.34	0.65	2.01	0.46	0.07	0.61	0.54	1.31	0.63	0.03	5.98	0.20	1.16	0.27	5.53	0	0.17	0.05	1.38	0.07	5.33	0	1.26	20.34	1.11	0.10	0.02	0.48	7.13	2.16	0.12	1.26	0.51	2.13	0.77	0.02	1.07	0.09	3.20	0.07	0.54	0	0.24	0.24	0.41	0.29	2.84	0.07	1.07	0.17	0.03	7.30	1.14	1.65	2.40	9.79	0.20	0.27	0	2.03	3.17	0.20	1.29	1.38	0	0.43	0.03	0.12	3.23	0.10	0.89	0.02	0.02	0.27	0.03	0.09	0.75	0.80	0.10	0.02	0.03	0.17	0.14	0.14	0.36	
JOC-13B-03O	60	4.37	49	0	0	5.00	0	0	8.33	0	0	0	1.67	1.67	0	0	0	1.67	0	0	0	15.00	0	1.67	0	5.00	0	0	0	0	0	10.00	0	3.33	16.67	0	1.67	0	0	3.33	1.67	0	0	0	1.67	0	0	0	1.67	3.33	0	0	0	0	0	0	0	1.67	0	5.00	0	0	8.33	1.67	1.67	0	8.33	0	1.67	0	1.67	3.33	0	1.67	0	0	0	0	0	3.33	1.67	0	0	0	0	0	0	0	0	0	0	0	0	0	0	0	
JOC-13B-04N	3515	4.50	142	0	0.28	4.27	0	0	7.51	0.03	0.23	0.34	0.60	1.91	0.23	0.14	0.54	0.54	1.56	0.80	0.06	8.11	0.17	1.05	0.14	6.15	0	0.20	0	1.34	0.03	5.86	0	1.31	19.09	2.65	0.03	0	0.74	8.31	1.96	0.17	1.05	1.00	1.71	0.28	0	0.63	0.09	3.19	0.03	0.77	0	0.11	0.20	0.54	0.40	2.28	0.14	1.22	0.14	0.03	5.52	1.65	2.36	1.88	9.33	0.14	0.17	0	1.76	3.07	0.14	0.60	1.19	0	0.46	0	0.11	3.02	0.43	1.05	0	0.06	0.43	0.03	0.11	0.74	0.97	0.03	0	0.06	0.11	0.03	0.11	0.28	
JOC-13B-05N	5964	4.09	177	0	0.08	3.81	0.03	0.03	7.90	0.07	0.64	0.49	0.60	2.08	0.45	0.08	0.34	0.54	1.69	0.60	0.10	4.59	0.18	1.54	0.12	10.88	0	0.59	0.08	2.05	0	3.91	0	0.62	16.48	1.02	0.23	0	0.55	7.23	1.44	0.32	0.87	0.59	2.23	0.59	0	0.67	0.08	3.72	0.39	0.67	0	0	0.18	0.79	0.84	3.29	0.08	0.25	0.02	0.02	7.65	3.10	1.88	1.68	8.90	0.05	0.02	0	2.05	2.70	0.07	1.43	0.87	0	0.52	0	0.05	4.16	0.05	0.50	0	0.03	0.29	0	0.18	0.54	1.14	0.07	0	0	0.05	0.02	0.10	0.08	
JOC-13B-05O	527	4.16	194	0	0	3.61	0	0	7.02	0	0.95	0.19	0.38	1.71	0	0.19	0.19	0.38	1.52	0.38	0	5.31	0.38	0.76	0.19	10.06	0	0.57	0.19	1.90	0	3.42	0	0.38	17.65	0.38	0.19	0	0.95	7.78	1.71	0.19	0.76	1.33	2.28	0.38	0	0.95	0.19	4.55	0.57	0.38	0	0.19	0.19	0.95	0.95	3.42	0.19	0	0	0	5.50	2.85	2.28	2.28	10.06	0.57	0.38	0	1.71	2.28	0	1.14	0.38	0	1.14	0	0	4.17	0.19	0	0	0.19	0.19	0	0.19	0	0.95	0	0.38	0	0.38	0	0	0	
JOC-13B-06N	2712	4.46	191	0	0.26	3.87	0	0	8.19	0	0.37	0.55	0.70	2.06	0.29	0.11	0.26	0.63	1.25	0.37	0.04	7.37	0.26	1.33	0.29	6.01	0	0.18	0.07	1.77	0.07	5.72	0	1.40	20.17	2.99	0.22	0	0.33	7.49	1.36	0.29	0.85	0.41	1.66	0.55	0	0.96	0.04	3.58	0	0.41	0	0.26	0.07	0.55	0.48	1.81	0.18	2.51	0.11	0	5.90	2.43	0.52	1.29	8.70	0.18	0.26	0	1.77	2.73	0.04	1.00	0.55	0	0.37	0.04	0.22	3.69	0.33	1.22	0.04	0.07	0.26	0	0.07	0.77	0.92	0.15	0.04	0	0.07	0.07	0.04	0.22	
JOC-13B-07N	6658	4.49	173	0	0.18	3.45	0.05	0.05	8.10	0.03	0.47	0.36	0.68	1.56	0.26	0.11	0.50	0.74	2.81	0.72	0.02	6.76	0.17	0.83	0.24	6.44	0.02	0.17	0.05	1.55	0.03	5.27	0	1.17	18.34	4.25	0.12	0	0.54	7.69	1.59	0.15	1.37	0.65	2.10	0.75	0	0.66	0.15	2.72	0.08	0.66	0	0.09	0.20	0.48	0.39	2.33	0.12	0.65	0.09	0.02	6.67	1.16	1.16	2.00	9.13	0.26	0.41	0	2.30	2.91	0.14	1.23	1.41	0	0.23	0.02	0.17	3.54	0.08	1.38	0	0.02	0.18	0	0.05	1.16	0.84	0.21	0.08	0.05	0.15	0.08	0.11	0.21	
JOC-13B-07O	1005	4.65	227	0	0	4.08	0.10	0.10	7.56	0	0.70	0.40	0.50	1.79	0.30	0.20	0.50	0.90	1.79	0.50	0	6.57	0.20	0.70	0.20	4.08	0	0.10	0	1.49	0	5.27	0	2.09	18.31	5.17	0.10	0	0.40	8.96	2.59	0.10	0.60	0.70	2.29	0.90	0	0.90	0.20	2.79	0.20	0.20	0	0.20	0.20	0.40	0.30	2.99	0.10	1.79	0.10	0	7.36	1.49	1.09	1.49	7.56	0.40	0.10	0	1.89	2.99	0.10	0.50	1.39	0	0.10	0	0.20	1.99	0	1.00	0.20	0	0.10	0	0	0.40	0.30	0	0.10	0	0.10	0.10	0.10	0	
JOC-13B-08N	580	4.76	202	0	0.86	5.00	0	0	6.90	0.17	0.52	0.52	1.21	2.24	0.69	0.17	0.17	0.69	2.07	1.03	0.17	6.72	0.17	1.03	0	5.17	0	0	0	1.72	0	7.59	0	0.69	24.14	1.21	0	0	2.07	7.07	2.24	0.52	0.86	1.03	2.41	0.17	0	0.69	0	2.76	0	0	0	0	0.17	0.17	0.34	1.90	0	0.34	0	0	4.66	1.38	1.90	1.03	9.48	0	0	0	1.03	3.45	0	1.21	0.52	0	0.17	0	0.17	2.59	0.17	1.55	0	0	0.34	0	0.17	0.34	0.86	0	0	0	0	0.17	0.17	0.52	
JOC-13B-09N	6635	4.50	199	0	0.53	3.75	0.02	0.02	8.56	0.03	0.92	0.59	0.71	2.14	0.32	0.09	0.17	0.51	1.70	0.59	0.15	4.02	0.30	1.52	0.23	7.05	0.05	0.21	0.03	1.90	0	8.59	0	0.71	21.72	1.30	0.09	0	0.69	7.39	2.03	0.23	0.54	0.48	3.03	0.57	0	1.18	0.12	2.80	0.05	0.89	0	0.05	0.15	0.47	0.36	2.22	0.15	0.59	0.09	0.03	5.00	1.79	0.98	1.58	9.84	0.12	0.15	0	0.87	3.81	0.11	0.96	0.81	0.02	0.35	0.02	0.08	3.32	0.03	0.93	0	0.02	0.26	0	0.11	0.72	0.78	0.03	0.03	0.02	0.11	0.08	0.15	0.65	
JOC-13B-09O	1040	4.45	179	0	1.83	5.48	0	0	7.50	0	0.48	0.10	0.38	1.73	0.38	0.29	0.10	1.15	1.25	0.38	0.19	4.23	0.19	0.48	0.19	7.79	0.10	0.10	0	2.21	0	8.65	0	0.38	23.27	1.25	0	0	0.77	7.31	2.40	0.29	0.67	0.58	3.17	0.19	0	1.73	0.10	2.40	0	0.10	0	0	0.38	0.29	0	2.88	0.10	0.29	0	0	4.52	2.21	1.06	1.63	10.10	0.38	0.38	0	0.87	4.04	0	0.87	1.06	0	0.29	0	0	4.23	0	0.58	0	0.10	0.29	0	0.10	0.29	1.35	0.19	0.10	0	0.48	0	0.10	1.83	
JOC-13B-10N	4094	4.27	206	0	0.07	2.83	0.05	0.05	8.48	0	0.78	0.56	0.54	1.88	0.51	0.05	0.22	0.49	1.17	0.37	0.20	5.35	0.22	1.07	0.24	7.47	0.02	0.17	0.02	2.10	0.05	5.42	0	0.76	17.37	2.59	0.05	0	0.66	7.16	0.64	0.12	0.66	0.27	1.29	0.44	0	1.59	0.24	3.18	0.37	0.56	0	0.07	0.24	0.54	0.44	2.25	0.17	6.72	0.07	0.02	5.25	5.79	0.66	2.00	6.91	0.10	0.42	0.02	1.42	2.86	0.15	0.73	0.93	0	0.73	0	0.02	3.96	0.27	0.71	0.02	0.02	0.59	0	0.05	0.66	0.88	0.17	0.05	0	0.27	0.02	0	0.22	
JOC-13B-10O	1037	4.52	173	0	0.19	3.57	0	0	7.43	0.10	0.96	0.48	0.29	2.51	0.68	0.10	0.10	0.29	1.25	0.29	0	5.50	0.39	1.06	0.29	5.69	0	0.39	0	1.54	0.10	6.36	0	1.06	19.58	2.51	0.19	0	0.77	7.23	0.58	0.10	0.29	0.10	1.45	1.06	0	0.87	0.39	3.38	0.48	0.19	0	0	0.29	0.39	0	2.12	0.10	5.40	0	0	5.79	5.79	0.77	1.93	6.85	0.10	0.58	0	0.87	2.89	0.10	0.39	1.54	0	0.19	0	0	3.28	0.10	0.19	0	0.10	0.48	0	0.10	0.48	1.16	0	0	0	0.48	0	0.19	0.19	
JOC-13B-11N	3099	4.47	193	0	0.19	3.26	0.03	0.03	7.74	0	0.61	0.35	0.84	1.52	0.19	0.03	0.55	0.45	2.39	0.52	0.10	6.10	0.10	0.87	0.42	5.39	0	0.03	0.03	1.13	0.10	5.71	0	0.52	22.23	3.48	0	0.03	0.55	7.39	0.97	0.55	1.16	0.55	1.55	0.90	0	0.74	0.29	3.00	0.03	0.61	0	0.16	0.13	0.52	0.19	1.84	0.26	2.45	0	0	5.58	2.97	0.97	1.77	8.49	0.16	0.58	0	2.29	2.74	0.29	1.36	1.10	0.03	0.26	0	0.10	3.78	0.32	0.65	0	0.03	0.39	0	0.06	0.45	0.45	0.39	0.03	0	0.26	0.03	0.03	0.16	
JOC-14A-01N	5468	4.39	184	0	0.15	4.11	0.05	0.04	7.46	0.05	0.53	0.40	0.33	1.85	0.33	0.07	0.88	0.64	2.10	0.69	0.04	8.01	0.24	1.26	0.37	5.49	0.02	0.22	0.04	1.55	0.13	4.17	0	1.28	18.56	2.21	0.15	0.02	0.62	7.59	1.26	0.29	0.84	0.69	1.37	0.75	0	1.32	0.15	3.47	0.02	0.42	0	0.13	0.29	0.62	0.49	1.85	0.26	2.93	0.02	0	5.54	4.28	1.34	2.62	6.80	0.27	0.64	0.02	1.52	2.60	0.11	0.66	1.10	0	1.12	0.02	0.07	3.68	0.26	0.38	0	0	0.37	0	0.04	0.35	0.66	0.20	0.09	0.04	0.55	0.07	0.16	0.18	
JOC-14A-01O	755	4.48	200	0	0.13	3.18	0	0	8.74	0	0.66	0.40	0.13	1.85	0.26	0	0.93	0.40	2.78	0.53	0	6.62	0.26	1.59	0.13	6.89	0	0	0	1.46	0	4.64	0	2.25	19.87	2.38	0	0.13	0.26	5.83	1.19	0.53	0.79	0.79	0.66	0.40	0	1.06	0	3.97	0.13	0	0	0.13	0	0.93	0.66	2.12	0	2.25	0	0.13	6.49	4.24	0.93	2.52	8.21	0.40	0.53	0	0.93	1.72	0.13	0.40	1.46	0	0.53	0	0	4.90	0.13	0.66	0	0	0.40	0	0.13	0.40	1.06	0.40	0.26	0	0.40	0.26	0.13	0.13	
JOC-14A-02N	4746	4.57	183	0	0.21	4.93	0	0	7.10	0	0.40	0.46	0.44	1.50	0.19	0.08	0.34	0.86	1.66	0.74	0	4.74	0.19	0.97	0.38	6.93	0.02	0.42	0.04	2.55	0	5.84	0	1.60	20.44	1.12	0.13	0	1.24	7.63	1.66	0.40	0.76	0.76	2.32	0.40	0	1.54	0.17	3.56	0.13	0.78	0	0.17	0.27	0.55	0.04	2.04	0.13	1.45	0.06	0.02	6.17	1.52	0.84	1.43	9.71	0.15	0.44	0.02	1.88	2.99	0.08	0.74	0.97	0.02	0.25	0.02	0.08	4.17	0.25	0.55	0.02	0.06	0.21	0	0	0.34	0.95	0.06	0.06	0.04	0.34	0.04	0.04	0.21	
JOC-14A-02O	129	4.50	74	0	0.78	4.65	0	0	9.30	0	0	0	0	0.78	0.78	0	0	0	0	0	0	6.20	0	2.33	0	9.30	0	0	0	3.10	0	5.43	0	2.33	20.93	3.10	0	0	0.78	9.30	0	0	0	0.78	0	0.78	0	1.55	0	6.20	0	0	0	0	0	1.55	0	1.55	0	0	0.78	0	6.20	0	0	3.10	11.63	0.78	0	0	0.78	0	0	0.78	2.33	0	0	0	0	3.88	0.78	0.78	0	0	0	0	0	0.78	0	0	0.78	0	0	0	0	0.78	
JOC-14A-03N	5162	4.46	187	0	0.06	4.49	0.02	0.02	7.63	0.02	0.66	0.25	0.66	1.90	0.43	0.17	0.35	0.87	1.38	0.54	0.02	6.12	0.12	0.72	0.23	6.68	0	0.25	0.02	1.86	0.04	5.44	0	2.31	17.98	2.96	0.10	0	0.43	7.21	1.67	0.08	0.72	0.31	2.05	0.31	0	0.91	0.19	3.14	0.04	0.52	0	0.29	0.39	0.77	0.15	1.78	0.08	2.11	0.08	0	6.18	2.25	1.76	2.85	9.40	0.25	0.33	0	1.65	3.18	0.12	0.83	2.00	0	0.29	0	0.12	3.49	0.14	0.89	0.02	0.02	0.17	0	0.06	0.77	1.10	0.14	0.08	0.02	0.23	0.10	0.17	0.14	
JOC-14A-03O	49	4.12	40	0	0	4.08	0	0	6.12	0	0	2.04	2.04	2.04	0	0	0	0	4.08	0	0	2.04	2.04	0	0	10.20	0	0	0	0	0	4.08	0	0	20.41	0	0	0	0	4.08	0	0	0	0	4.08	0	0	0	0	6.12	0	0	0	0	0	2.04	0	2.04	0	4.08	0	0	8.16	0	0	2.04	12.24	0	0	0	6.12	4.08	0	2.04	2.04	0	0	0	0	6.12	0	0	0	0	0	0	0	0	0	0	0	0	0	0	0	0	
JOC-14A-04N	3688	4.48	158	0	0.08	4.39	0	0	6.81	0.05	0.33	0.27	0.84	2.03	0.62	0.03	0.41	0.84	1.17	0.35	0.03	6.81	0.57	1.17	0.30	8.22	0.03	0.87	0	2.03	0	10.49	0	0.33	17.08	1.33	0.05	0	0.62	5.67	1.63	0.08	0.79	0.11	1.68	0.62	0	0.95	0.05	3.39	0.11	0.60	0	0.05	0.05	0.43	0.49	3.66	0.08	0.43	0.03	0	6.29	1.82	1.74	1.41	8.89	0.33	0.19	0	1.08	2.77	0.03	0.54	0.46	0	0.81	0	0.08	3.66	0.14	0.70	0.03	0.05	0.24	0.03	0.14	0.16	0.62	0.16	0.14	0	0.16	0.05	0.08	0.08	
JOC-14A-05N	4325	4.51	176	0	0.16	3.40	0.07	0.07	7.54	0.02	0.39	0.53	0.39	2.01	0.67	0.05	0.28	0.72	0.95	0.32	0.02	7.10	0.25	0.83	0.37	5.60	0	0.30	0	1.99	0.05	5.55	0	1.78	19.95	2.84	0.09	0	0.51	7.49	1.78	0.05	0.76	0.49	1.87	0.37	0	1.27	0.18	3.47	0.16	0.30	0	0.07	0.21	0.74	0.46	2.47	0.14	1.11	0.05	0	6.54	1.94	0.97	1.39	8.92	0.42	0.86	0	1.97	2.64	0.05	0.65	0.99	0	0.18	0.05	0.12	4.21	0.12	0.76	0.05	0.05	0.30	0.02	0.05	0.32	0.65	0.32	0.09	0.02	0.58	0.07	0.09	0.16	
JOC-14A-06N	5302	4.55	177	0	0.28	4.62	0.02	0.02	7.20	0.02	0.45	0.32	0.41	1.92	0.30	0.23	0.55	1.06	1.26	0.74	0.06	6.81	0.09	1.13	0.45	6.39	0	0.21	0.04	1.75	0.04	4.70	0	1.47	17.94	2.92	0.06	0	0.55	8.39	1.85	0.09	1.17	0.41	2.43	0.36	0.02	1.09	0.36	3.17	0.02	0.28	0.02	0.13	0.25	0.45	0.36	3.41	0.21	0.81	0.06	0	7.24	0.64	1.23	1.89	9.07	0.30	0.47	0.04	1.40	3.39	0.06	0.66	1.41	0	0.23	0	0.09	3.39	0.11	0.47	0.02	0.09	0.15	0	0.06	0.26	0.62	0.23	0.08	0	0.38	0.08	0.19	0.32	
JOC-14A-06O	602	4.65	191	0	0.50	4.15	0	0	6.15	0	1.33	0.17	0.66	3.16	0.17	0.17	0.66	1.00	1.66	0.83	0.17	4.82	0.17	1.00	0.33	6.15	0	0	0	2.16	0	5.48	0	1.00	17.61	2.82	0	0	0.17	7.97	1.66	0.17	1.33	0	2.33	0.17	0	1.83	0.83	2.16	0	1.00	0	0.17	0	0.50	0.66	3.32	0.33	2.33	0	0	7.14	0.17	1.00	2.16	9.47	0	0	0	1.16	2.99	0.17	1.00	1.99	0	0	0	0.17	3.99	0	0.50	0	0	0.17	0	0.33	0.33	0.66	0	0	0	0	0	0	0.50	
JOC-14A-07N	5032	4.54	202	0	0.10	3.99	0.08	0.10	7.41	0.02	0.60	0.42	0.32	1.69	0.28	0.16	0.24	0.64	2.52	0.54	0.02	5.15	0.24	1.01	0.66	6.48	0.02	0.22	0	2.31	0.04	5.76	0	1.87	20.53	2.58	0.16	0.02	0.58	6.60	1.03	0.22	0.83	0.36	1.25	0.50	0	1.05	0.20	2.98	0.06	0.28	0	0.16	0.14	0.99	0.24	2.03	0.24	1.39	0.20	0	6.20	2.34	1.83	2.58	8.33	0.48	0.30	0.04	1.63	2.03	0.10	0.85	1.65	0	0.30	0	0.12	3.44	0.04	0.34	0.08	0.04	0.24	0	0.02	0.40	0.48	0.08	0.14	0.06	0.46	0.08	0.24	0.10	
JOC-14A-07O	690	4.44	182	0	0	2.75	0	0	8.41	0	0.72	0.43	0.29	1.88	0	0	0.14	0.58	2.75	0.14	0	3.77	0.14	0.87	0.72	7.97	0	0.29	0	1.74	0	4.49	0	1.88	19.57	2.46	0	0	0.72	7.10	1.30	0.29	0.72	0	1.45	0.29	0	0.72	0.29	3.33	0	0.43	0	0	0	0.72	0.43	1.74	0.43	1.88	0.14	0	6.23	2.61	2.32	2.90	9.42	0.29	0.72	0	1.88	1.74	0	2.17	1.88	0	0.29	0	0	4.06	0.14	0.29	0	0	0.14	0	0	0.29	0.87	0.29	0.43	0.29	0.14	0	0	0	
JOC-14A-08N	5189	4.54	185	0.04	0.19	3.74	0.02	0.02	7.09	0.04	0.56	0.44	0.52	1.81	0.44	0.06	0.48	0.67	2.56	0.67	0.02	8.36	0.33	0.77	0.17	4.55	0	0.48	0.02	1.77	0.10	4.07	0	1.70	19.64	2.45	0.08	0.06	0.60	7.80	1.48	0.29	0.50	0.79	1.72	0.17	0.02	0.89	0.12	3.31	0.10	0.25	0	0.17	0.33	0.67	0.33	1.75	0.37	2.81	0.13	0	4.82	4.93	1.23	3.22	6.63	0.17	0.64	0.04	1.41	2.58	0.13	0.52	1.66	0	0.87	0	0.23	3.31	0.15	0.52	0.02	0.02	0.27	0	0.02	0.31	0.66	0.19	0.10	0.08	0.33	0.10	0.06	0.19	
JOC-14A-09N	4881	4.54	177	0	0.35	4.73	0.04	0.04	6.72	0.06	0.49	0.45	0.86	1.72	0.53	0.06	0.47	1.00	1.74	0.72	0	5.80	0.10	0.92	0.90	6.13	0	0.61	0.08	2.11	0	5.80	0	1.27	18.68	1.52	0.10	0	0.64	7.44	1.50	0.12	1.04	0.98	1.95	0.45	0	1.54	0.10	3.18	0.08	0.02	0	0.04	0.16	0.74	0.35	2.17	0.18	1.76	0.06	0	5.80	2.09	1.09	2.34	9.24	0.39	0.76	0.04	1.99	2.87	0.08	0.78	1.56	0	0.47	0.04	0.04	4.04	0.25	0.31	0.06	0.10	0.23	0	0.04	0.29	0.68	0.16	0.08	0.02	0.45	0.04	0.18	0.27	
JOC-14A-10N	5460	4.66	170	0	0.16	4.21	0.02	0.02	7.05	0.02	0.31	0.38	0.64	1.76	0.27	0.16	0.64	1.03	0.73	0.57	0	7.36	0.11	0.93	0.49	5.42	0	0.24	0.02	1.65	0	5.71	0	2.31	18.79	4.05	0.05	0	0.38	7.31	2.03	0.07	0.88	0.40	1.54	0.53	0	0.84	0.20	2.75	0.04	0.46	0	0.13	0.26	0.79	0.27	1.81	0.26	1.21	0.15	0.02	6.48	1.12	1.25	2.75	9.60	0.16	0.68	0	1.94	2.75	0.15	0.93	1.96	0	0.37	0	0.11	3.10	0.09	0.79	0.02	0.07	0.20	0	0.05	0.60	0.70	0.15	0.05	0.04	0.37	0.04	0.13	0.16	
JOC-14A-11N	5059	4.50	184	0	0.57	4.51	0.02	0.02	6.84	0.06	0.59	0.49	0.53	1.82	0.30	0.06	0.59	1.11	1.23	0.51	0	7.04	0.12	1.09	0.38	6.64	0.02	0.10	0.02	1.76	0	4.59	0	1.19	16.70	3.00	0.06	0	0.63	7.69	2.13	0.12	1.56	0.28	2.49	0.42	0	1.01	0.49	2.97	0.12	0.38	0	0.10	0.26	0.53	0.47	3.68	0.26	0.59	0.08	0	7.51	0.85	0.77	2.55	9.25	0.32	0.45	0.04	1.44	3.50	0.10	0.67	2.00	0.02	0.20	0.02	0.06	4.19	0.08	0.67	0.02	0.02	0.36	0	0.14	0.20	0.71	0.30	0.04	0	0.26	0.04	0.02	0.57	
JOC-14A-12N	4825	4.57	204	0	0.21	3.65	0.02	0.02	6.69	0.04	0.58	0.44	0.37	2.11	0.27	0.04	0.15	0.87	2.30	0.41	0.04	5.91	0.17	0.93	0.54	6.65	0.02	0.77	0.02	1.72	0.04	6.55	0.02	1.68	17.28	3.48	0.08	0.02	0.83	7.61	1.33	0.19	0.70	0.23	1.62	0.23	0	1.22	0.12	3.17	0.10	0.12	0	0.21	0.17	0.64	0.17	3.05	0.15	0.95	0.06	0	6.76	1.91	1.41	2.59	8.33	0.27	0.64	0	1.33	2.32	0.15	0.54	1.49	0.02	0.31	0	0.12	3.07	0.10	0.37	0	0.02	0.33	0	0.08	0.35	0.58	0.17	0.02	0.06	0.50	0.12	0.04	0.17	
JOC-14A-13N	5287	4.49	208	0	0.40	4.27	0.04	0.04	7.79	0	0.59	0.49	0.30	1.57	0.17	0.11	0.30	0.89	2.12	0.30	0.02	5.96	0.44	1.00	0.34	5.14	0.02	0.42	0.06	1.68	0	4.62	0	1.91	20.56	3.40	0.09	0	0.68	7.66	1.17	0.13	0.96	0.78	1.65	0.34	0	0.79	0.15	3.65	0.06	0.30	0	0.09	0.26	0.61	0.30	2.06	0.32	2.46	0.06	0.02	6.17	2.65	1.27	1.99	8.02	0.28	0.68	0.02	2.00	2.52	0.13	0.95	1.13	0	0.44	0.02	0.09	3.23	0.38	1.00	0.02	0.04	0.36	0.04	0.08	0.45	0.53	0.17	0.17	0.06	0.32	0.04	0.11	0.34	
JOC-14A-13O	163	4.69	104	0	0.61	3.07	0	0	10.43	0	0	1.23	0	1.23	0	0	0	1.23	3.07	0	0	3.07	0	0	1.23	5.52	0	0	0	2.45	0	2.45	0	0.61	18.40	6.75	0	0	0.61	4.29	1.23	0	1.84	1.84	2.45	0	0	1.23	0	6.13	0	0.61	0	0	0	0	0.61	3.07	0	4.29	0	0	5.52	6.13	0	1.84	8.59	0	1.23	0	2.45	2.45	0	1.23	1.84	0	0	0	0	6.13	0	0	0	0	0.61	0	0	0	0.61	0.61	0	0	1.23	0	0	0.61	
JOC-14B-01N	344	4.88	140	0	0.29	8.14	0	0	7.27	0	0.58	0.29	1.45	1.45	0	0	2.03	0.87	1.16	0.87	0	3.20	0.29	0.58	0.29	4.07	0	0.29	0	2.03	0	8.14	0	0.58	22.67	2.33	0	0	2.33	7.85	2.62	0.58	1.16	0.29	3.49	1.45	0	0.87	0	3.49	0	0	0	0.58	0	0	0.29	0.29	0.58	2.62	0	0	3.20	2.03	0.29	1.16	9.01	0	0	0	2.62	4.07	0	1.74	0.87	0	0.29	0	0	3.20	0.29	0.29	0	0	0	0	0	0	1.45	0	0	0	0	0	0	0.29	
JOC-14B-02N	2897	4.37	201	0	0.07	3.73	0	0	7.21	0	0.62	0.45	0.10	1.83	0.52	0.14	0.17	0.55	1.48	0.72	0	6.45	0.35	1.28	0.52	6.35	0	0.07	0.17	2.21	0.07	5.28	0	1.24	20.43	2.45	0.21	0	0.45	8.08	0.72	0.45	0.76	0.31	0.97	0.66	0	1.62	0.07	3.94	0.03	0.31	0	0.14	0.28	0.69	0.41	2.07	0.28	0.93	0	0	5.49	2.87	1.59	2.28	8.01	0.14	0.59	0.03	1.83	1.73	0.10	0.79	1.14	0	0.66	0	0.03	3.83	0.14	0.52	0.03	0.10	0.41	0	0.07	0.35	0.79	0.17	0.07	0.03	0.48	0.24	0.17	0.10	
JOC-14B-03N	6007	4.41	193	0	0.17	3.83	0.02	0.02	7.36	0	0.55	0.27	0.53	1.73	0.18	0.17	0.52	0.82	1.73	0.63	0.02	6.28	0.13	0.82	0.52	5.36	0	0.17	0.02	1.90	0.02	4.86	0	1.13	19.84	1.68	0.13	0	0.45	7.31	1.90	0.18	1.28	0.40	1.96	0.60	0.02	0.72	0.12	3.15	0.05	0.67	0	0.07	0.33	0.68	0.20	2.31	0.10	1.96	0.08	0.03	6.24	2.50	1.20	3.28	9.44	0.20	0.62	0	1.86	2.76	0.07	0.82	1.48	0	0.32	0	0.15	4.11	0.05	0.95	0	0.05	0.18	0	0.03	0.65	0.68	0.13	0.07	0	0.45	0.02	0.10	0.17	
JOC-14B-03O	268	4.45	140	0	0	1.87	0	0	8.96	0	0.75	0.75	0.37	3.36	0	0.37	0	0.37	1.49	1.12	0	3.36	0	1.87	2.24	4.85	0	0	0	2.99	0	5.22	0	0.37	17.54	4.10	0	0	0.37	6.34	2.24	0	0.37	0	1.49	0.37	0	0.75	0	1.12	0	1.12	0	0	0.75	0	0	2.61	0.37	3.36	0	0	5.22	2.61	2.61	1.87	11.57	0.37	0.37	0	1.49	1.49	0	1.12	1.12	0	0	0	0	4.10	0	0.37	0	0	0.37	0	0	1.12	1.12	0	0	0	0.75	0	0.75	0	
JOC-14B-04N	2422	4.65	203	0	0.33	3.92	0.04	0.04	8.34	0	0.54	0.29	0.33	1.78	0.37	0.37	0.54	0.54	1.45	0.50	0.04	5.49	0.21	1.49	0.45	5.00	0	0.12	0	1.69	0	6.48	0	1.65	18.95	3.55	0	0	0.70	7.64	1.69	0.12	0.91	0.37	2.64	0.66	0	1.28	0.21	3.55	0.08	0.45	0	0.12	0.37	0.91	0.29	1.28	0.12	3.55	0.08	0.04	4.95	2.39	0.74	2.06	9.17	0.12	0.25	0	1.49	3.06	0.12	0.62	1.11	0	0.58	0	0.04	3.06	0.12	0.70	0	0.21	0.29	0	0.04	0.45	0.66	0.08	0.04	0	0.21	0	0.21	0.33	
JOC-14B-05N	301	5.07	152	0	0	2.33	0	0	8.64	0	0	0.66	0.66	0.66	1.33	0	0.33	1.00	1.00	0.33	0	7.64	0	1.33	0.66	2.66	0	0.33	0	1.33	0	10.63	0	0.66	27.57	3.99	0.33	0	1.00	8.31	0	0	1.00	0	0.66	0.33	0	1.00	0	1.99	0.33	0	0	0	0	0	0.33	1.66	0	1.66	0	0	4.98	0.33	2.33	1.00	7.97	0	0	0	1.99	3.32	0	0	0.33	0	0.66	0	0	1.99	0	0.33	0	0.33	0.66	0	0	0	0.66	0	0	0	0	0	0.33	0	
JOC-14B-06N	6949	4.20	172	0	0.14	4.56	0.01	0.01	7.74	0.03	0.49	0.17	0.69	1.89	0.62	0.10	0.69	0.82	2.20	0.65	0.03	4.45	0.32	0.95	0.40	6.52	0.01	0.33	0.06	1.55	0.01	5.24	0	0.94	19.02	1.19	0.04	0.01	0.47	7.48	1.97	0.23	1.21	1.19	2.16	0.59	0	1.06	0.20	3.60	0.24	1.04	0	0.17	0.20	0.50	0.14	1.47	0.17	2.46	0.03	0.01	5.47	4.19	0.83	2.30	8.03	0.22	0.59	0.01	2.83	3.18	0.13	1.37	1.14	0	0.81	0	0.13	3.54	0.30	0.76	0	0.06	0.26	0	0.10	0.39	0.95	0.13	0.16	0.01	0.35	0.01	0.13	0.10	
JOC-14B-06O	145	3.93	84	0	0	3.45	0	0	8.97	0	0	0.69	0	2.07	0	0	0	1.38	3.45	0.69	0	4.83	0	0	0.69	12.41	0	0	0	2.07	0	2.76	0	2.07	16.55	2.07	0	0	0.69	9.66	0.69	0	0	0	1.38	0	0	0.69	0	0.69	0	0	0	0	0	0	0	4.14	0	4.83	0	0	8.28	3.45	0	2.07	9.66	0	0	0	2.07	1.38	0	0.69	0.69	0	1.38	0	0	5.52	0	0.69	0	0	0	0	0	0	1.38	0	0	0	0	0	0	0	
JOC-14B-07N	315	4.07	158	0	0	3.49	0	0	9.21	0.32	0	0.63	0.95	1.59	0.63	0.63	0	0	0.95	0.32	0	5.08	0	2.54	0	8.89	0	0	0	1.27	0	6.03	0	0.63	18.41	1.59	0	0	0.95	6.35	0	0	0.63	0.32	1.59	0.63	0	0.63	0	4.44	0	0	0	0	0.63	0.32	1.27	2.22	0	5.71	0	0	5.40	6.03	0.32	2.22	7.94	0.32	0.32	0	0.95	2.86	0.63	0.63	1.27	0	0.32	0	0	4.76	0.32	0	0	0.32	0	0	0.32	0	1.59	0	0	0	0.63	0	0	0	
JOC-14B-08N	868	4.45	185	0	0.23	3.92	0	0	7.72	0	0.69	0.23	1.04	1.27	0.12	0.23	0.23	0.81	3.00	0.58	0.12	5.18	0.23	0.92	0.81	5.99	0	0.12	0	2.53	0	6.34	0	1.15	22.47	0.69	0.35	0	0.35	7.14	1.04	0.12	0.81	0.46	1.61	0.46	0	1.27	0.12	3.80	0	0.81	0	0.46	0	0.81	0.35	2.19	0.46	1.04	0	0	5.53	3.46	0.46	1.84	8.64	0.23	0.23	0	1.15	3.00	0	0.46	0.69	0	0.81	0	0	3.11	0.12	0.58	0	0	0.35	0	0	0.46	1.27	0.23	0.12	0	0.35	0	0.12	0	
JOC-14B-09N	2082	4.14	192	0	0.24	3.07	0	0	7.01	0	0.48	0.58	0.48	2.16	0.14	0	0.53	0.72	1.97	0.34	0.05	6.10	0.29	1.49	0.24	6.15	0.05	0.43	0.10	1.78	0.10	3.51	0	1.54	17.82	2.26	0.10	0	0.48	6.39	1.63	0.05	1.59	1.06	1.54	0.72	0	0.77	0.38	5.00	0	0.34	0	0.14	0.14	0.48	0.29	2.98	0.05	1.83	0.05	0	8.36	2.07	1.34	2.16	7.97	0.05	1.63	0	1.78	2.45	0.24	1.01	1.15	0	0.58	0	0	4.27	0.14	0.67	0	0	0.34	0.05	0.10	0.34	0.77	1.10	0.05	0	1.15	0.10	0.19	0.24	
JOC-14B-10N	1719	4.20	141	0	0.35	3.26	0	0	7.85	0	0.52	0.52	0.35	1.69	0.17	0.12	0.29	0.47	1.22	0.70	0	6.57	0.29	1.22	0.64	5.47	0.06	0.41	0.06	1.75	0.12	5.18	0	0.81	16.58	2.27	0	0	0.76	8.14	1.57	0.23	1.40	0.06	1.86	0.58	0	0.87	0.23	3.03	0.12	0.29	0	0.23	0.12	0.70	0.17	2.15	0.29	4.89	0.06	0	6.11	2.33	1.69	1.28	9.42	0.52	0.99	0	2.15	3.03	0.12	0.70	0.81	0	0.29	0	0.23	3.84	0.23	0.52	0	0.12	0.12	0	0.12	0.47	0.52	0.52	0.12	0.06	0.41	0	0.12	0.35	
JOC-14B-11N	5724	4.60	198	0	0.10	3.25	0.02	0.02	7.97	0.02	0.40	0.24	0.52	1.40	0.38	0.10	0.24	0.72	1.80	0.54	0	5.75	0.09	1.28	0.40	5.45	0	0.24	0.07	1.57	0.02	5.52	0	1.50	20.39	2.52	0.12	0.02	0.49	8.54	1.10	0.02	0.45	0.87	1.62	0.40	0	1.05	0.12	3.74	0.07	0.56	0	0.21	0.24	0.58	0.45	1.82	0.30	3.72	0.02	0.02	5.07	3.39	0.96	2.32	8.21	0.30	0.38	0	1.87	2.48	0.19	0.54	1.45	0	0.45	0.05	0.05	2.94	0.31	0.96	0.05	0.05	0.24	0.02	0.07	0.63	0.68	0.12	0.02	0.02	0.35	0.07	0.14	0.10	
JOC-14B-11O	32	4.56	32	0	0	0	0	0	12.50	0	0	0	3.13	0	0	0	0	0	0	3.13	0	0	0	0	0	6.25	0	0	0	0	0	6.25	0	3.13	50.00	0	0	0	0	3.13	0	0	0	0	0	0	0	3.13	0	0	0	0	0	0	0	3.13	0	3.13	0	0	0	0	6.25	3.13	0	0	6.25	0	0	0	0	0	0	0	0	0	0	0	0	3.13	3.13	0	0	0	0	0	0	0	0	0	0	0	0	0	0	0	
JOC-14B-12N	1391	4.48	195	0	0	3.45	0.07	0.07	7.84	0.07	0.72	0.43	0.36	1.73	0.22	0.14	0.36	1.15	2.23	0.72	0	9.27	0.36	0.79	0.29	4.03	0	0.07	0	1.65	0	3.81	0	1.80	20.85	2.66	0.14	0	0.43	7.40	1.08	0.43	0.65	0.79	1.73	0.65	0	1.01	0.22	2.59	0	0.22	0.07	0.14	0.14	0.36	0.14	1.58	0.14	3.52	0	0	5.54	4.24	0.72	2.37	6.83	0.36	0.50	0.07	2.30	3.24	0.14	0.79	1.44	0	0.50	0.07	0.07	3.31	0.29	0.58	0	0	0.22	0	0.14	0.50	0.93	0.14	0.14	0	0.65	0	0.14	0	
JOC-14B-13N	3837	4.10	200	0	0.29	4.04	0.08	0.08	7.58	0.03	0.70	0.44	0.47	1.59	0.50	0.10	0.73	0.57	2.08	0.65	0.03	6.80	0.16	1.54	0.78	8.13	0.10	0.34	0.16	1.82	0	4.90	0	0.31	17.98	1.64	0.18	0	0.47	6.85	2.01	0.23	1.12	0.39	1.59	1.49	0	0.91	0.08	4.12	0.08	0.47	0	0.16	0.08	0.42	0.50	2.24	0.21	0.42	0.03	0	5.53	2.68	3.13	1.85	8.81	0.31	0.16	0.05	0.70	2.84	0.03	0.81	1.28	0	0.42	0.05	0.08	3.31	0.03	0.57	0	0.08	0.44	0	0.05	0.55	0.63	0.05	0.10	0	0.23	0	0.10	0.23	
JOC-14B-14N	90	4.37	63	0	0	5.56	0	0	6.67	0	0	0	0	4.44	0	0	2.22	0	2.22	0	0	2.22	0	1.11	1.11	11.11	0	0	0	0	1.11	6.67	0	1.11	11.11	5.56	0	0	0	10.00	2.22	0	4.44	0	1.11	1.11	0	0	0	3.33	0	1.11	0	0	0	1.11	0	2.22	0	0	0	0	8.89	0	2.22	1.11	8.89	0	0	0	1.11	1.11	0	1.11	1.11	0	0	0	0	3.33	0	1.11	0	0	0	0	0	1.11	1.11	0	0	0	0	0	0	0	
JOC-14B-15N	265	4.69	146	0	0	3.77	0	0	7.92	0	0.38	0.38	0	1.51	0	0.38	0	1.51	2.64	0	0.38	6.42	0.38	0.75	1.13	3.77	0	0	0	0.38	0	7.55	0	1.51	18.49	5.66	0	0	1.13	7.92	1.13	0	0.75	0.38	1.13	0	0	1.51	0	3.02	0	0	0	0.38	0	2.26	0.38	1.51	0.38	3.02	0	0	4.15	3.40	0.38	3.40	8.68	0.38	0.75	0	0.75	3.02	0	0	2.26	0	0.75	0	0.38	2.64	0	1.13	0	0	0	0	0	0.38	0.38	0	0	0	1.13	0	0	0	
JOC-14B-16N	6141	4.47	187	0	0.10	3.37	0	0	7.05	0.07	0.64	0.42	0.94	1.69	0.28	0.11	0.42	0.78	1.38	0.57	0.05	7.70	0	0.68	0.39	5.18	0	0.24	0.05	1.66	0.03	7.43	0	0.90	21.40	2.00	0.05	0	0.41	6.63	2.54	0.08	0.59	0.64	1.64	0.54	0	0.72	0.05	2.88	0.07	0.44	0	0.11	0.23	0.73	0.21	2.15	0.28	1.99	0.05	0	5.08	1.74	1.55	1.91	10.06	0.28	0.24	0.03	1.43	3.32	0.18	0.77	1.11	0	0.42	0	0.23	4.18	0.05	0.80	0.02	0.05	0.16	0	0.07	0.78	0.91	0.13	0.08	0	0.23	0.02	0.08	0.10	
JOC-14B-16O	1090	4.42	161	0	0.09	3.12	0	0	6.33	0.09	0.28	0.46	1.01	1.47	0.46	0	0.37	0.64	1.38	0.37	0	9.63	0.09	0.64	0.09	4.86	0	0.18	0	1.93	0	5.78	0	1.38	24.31	1.65	0.37	0	0.46	6.97	2.94	0.18	0.46	1.19	0.83	0.55	0	1.01	0.18	2.57	0	0.55	0	0	0.09	0.73	0.46	2.48	0.18	1.93	0	0	5.32	1.93	1.01	1.47	8.53	0.28	0	0	1.28	2.02	0.09	0.73	1.19	0	0.09	0	0	4.13	0	0.55	0	0.09	0.09	0	0	0.73	0.92	0.09	0	0	0.18	0	0.18	0.09	
JOC-14B-17N	1327	4.80	215	0	0.45	3.62	0	0	7.99	0	0.38	0.30	0.23	1.51	0.75	0.23	0.23	0.68	1.81	0.38	0.08	4.52	0.30	0.68	0.45	4.52	0.15	0.90	0	1.66	0	6.48	0	0.38	21.55	3.09	0	0.08	1.28	8.82	1.13	0.08	1.36	1.21	1.66	0.60	0	1.51	0.23	3.01	0.15	0.30	0	0.15	0.15	0.23	0.15	2.71	0.53	2.34	0.08	0	5.95	1.96	1.43	1.51	8.82	0	0.45	0	1.81	2.49	0	0.75	0.83	0	0.23	0	0	3.32	0.53	0.38	0	0.08	0.08	0	0.15	0.15	0.98	0.30	0	0	0.15	0.08	0	0.15	
JOC-14B-18N	218	4.26	116	0	0	3.67	0	0	7.34	0	0.46	0.46	0.46	0.46	0	0	0.92	1.83	1.83	0.92	0	6.88	0	0.46	0.92	6.88	0	0	0.46	2.75	0	4.59	0	0.92	20.18	1.38	0	0	0.46	4.59	3.67	0	0.92	1.38	0.92	0	0	0	0.92	3.21	0	0	0	0.46	0.46	0.46	0	1.38	0.46	5.05	0	0	4.13	2.29	1.38	3.21	10.55	0	0	0	2.29	2.29	0	1.38	1.83	0	1.38	0	0	3.21	0	0	0	0	1.38	0	0	0	0.92	0	0	0	0	0	0	0	
JOC-14B-19N	2679	4.19	184	0	0.15	3.28	0.04	0.04	6.61	0	0.86	0.41	0.82	2.50	0.45	0.07	0.04	0.63	1.72	0.71	0.07	8.77	0.34	0.90	0.41	6.23	0	0.22	0.04	2.24	0	5.52	0	0.97	20.83	1.12	0.19	0.15	0.41	7.80	1.46	0.37	0.82	0.15	1.16	0.67	0	0.93	0.15	2.99	0.11	0.49	0	0.04	0.07	0.97	0.37	1.87	0.15	0.63	0.07	0	5.38	3.17	0.86	2.76	7.35	0.07	0.37	0	1.72	2.02	0.11	1.05	1.57	0	0.67	0	0.04	4.85	0	0.63	0	0.04	0.22	0	0.11	0.37	0.75	0.26	0	0	0.19	0.04	0.04	0.15	
JOC-14B-20N	367	4.73	191	0	0	3.54	0.27	0.27	6.81	0	1.09	0	1.09	2.45	0.27	0.27	0.27	1.63	1.91	0.54	0	6.54	0.27	0.27	0	6.81	0	0.54	0	1.36	0	6.27	0	0.82	19.35	2.72	0	0	0.82	6.81	1.91	0.54	0.54	0.54	1.63	1.36	0	0.54	0	3.00	0.27	0	0	0	0	0.27	0.54	2.72	0	1.09	0	0	5.45	3.00	2.72	2.18	7.08	0.54	0.27	0	2.18	2.45	0	0.54	1.36	0	0.54	0	0	3.27	0	0.54	0.54	0	1.36	0	0	1.09	0.82	0	0	0	0	0	0.27	0	
JOC-14B-21N	3832	4.49	187	0	1.15	4.65	0	0	7.65	0	0.63	0.50	0.52	2.06	0.47	0.08	0.16	0.73	1.98	0.60	0	5.98	0.26	1.59	0.37	5.69	0.03	0.29	0.05	2.01	0.03	5.56	0	1.67	19.75	1.96	0.03	0.05	0.86	7.31	1.80	0.13	0.89	0.29	2.17	0.29	0	1.02	0.03	3.84	0.16	0.86	0	0.13	0.18	0.44	0.44	2.51	0.10	1.10	0.03	0	6.18	1.93	0.78	1.72	8.92	0.26	0.78	0	1.67	3.18	0.03	0.76	0.89	0	0.39	0.03	0.05	3.42	0.10	1.17	0.03	0	0.21	0	0.10	0.50	0.57	0.18	0	0.03	0.34	0.13	0.13	0.99	
JOC-14B-22N	306	4.81	160	0	0.98	2.94	0	0	6.54	0	0.33	0.33	0.33	2.61	0.65	0	0	1.31	1.63	0	0.33	7.84	0.65	1.31	0.33	3.59	0	0	0	0.33	0	8.82	0	0	25.16	2.29	0	0	1.96	7.84	0.98	0.33	0.33	0.98	1.96	0.33	0	0	0	1.96	0	0.98	0	0	0	0.98	0.33	3.92	0	1.63	0	0	4.58	0.65	0.65	2.29	8.82	0.33	0	0	1.31	3.92	0	0	0.65	0	0.65	0.33	0	2.29	0	0.98	0	0	0	0	0.33	0.65	0.33	0	0	0	0	0	0	1.63	
JOC-14B-23N	530	4.79	194	0	0	3.40	0	0	8.11	0	0	1.13	0	1.70	0.57	0	0.38	0.19	0.94	0.38	0	6.60	0.19	0.19	0.19	3.40	0	0	0.19	0.57	0	5.85	0	1.89	18.11	4.91	0.38	0	1.32	9.43	1.89	0	0.19	0.38	0.75	1.13	0	1.13	0.57	4.91	0	1.13	0	0.19	0.19	0.75	0.57	1.32	0.38	4.91	0	0	4.53	1.70	0.57	2.45	9.43	0.57	0.57	0	1.32	1.70	0.38	0.94	0.94	0	0.19	0.38	0	2.26	0.38	0.57	0	0	0.57	0	0	0.75	0.38	0	0	0	0.75	0	0	0	
JOC-14B-24N	1791	4.49	183	0	0.22	3.46	0	0	7.98	0	0.45	0.17	0.34	1.17	0.22	0	0.11	0.61	2.40	0.56	0.06	4.75	0.28	1.01	1.06	6.42	0.11	0.17	0	1.68	0	4.63	0	1.28	20.16	2.79	0.06	0	1.01	8.15	1.51	0	0.73	1.34	1.40	0.56	0	1.23	0.22	3.91	0.06	1.01	0	0.28	0.22	0.67	0.22	2.12	0.67	1.40	0.06	0	5.47	2.79	2.12	2.18	8.93	0.22	0.34	0	1.62	1.95	0.06	0.50	1.73	0	0.28	0	0.06	3.18	0	0.78	0.11	0.22	0.22	0	0	0.67	0.67	0.17	0.06	0	0.22	0.06	0.17	0.22	
JOC-14B-25N	5634	4.69	179	0	0.14	3.59	0	0	7.42	0.02	0.57	0.35	0.55	1.85	0.28	0.12	0.48	0.64	2.25	0.69	0.02	5.34	0.20	1.38	0.35	6.30	0	0.07	0	2.09	0.02	6.37	0	1.70	18.64	3.66	0.11	0	0.89	7.61	1.30	0.12	0.66	0.35	1.76	0.59	0	1.38	0.07	3.67	0.07	0.48	0.02	0.12	0.21	0.73	0.37	1.76	0.20	1.08	0.04	0	5.50	2.38	0.99	2.29	8.70	0.16	0.37	0.05	1.85	2.89	0.05	0.99	1.42	0.02	0.53	0	0.12	3.99	0.07	0.87	0.05	0.04	0.30	0	0	0.51	0.80	0.07	0.09	0.12	0.30	0.05	0.12	0.11	
JOC-14B-25O	114	4.49	81	0	0	4.39	0	0	6.14	0	0.88	0.88	0	5.26	0	0	0	0	1.75	0	0	1.75	0.88	2.63	0	7.02	0	0	0	1.75	0.88	11.40	0	0	16.67	1.75	0	0	0	7.02	1.75	0	1.75	0	1.75	0	0	0.88	0	2.63	0	0.88	0	0	0	0.88	0	5.26	0	0	0	0	8.77	1.75	1.75	0.88	7.89	0	0	0	2.63	4.39	0	0	0	0	0	0	0	5.26	0	1.75	0	0	0	0	0	0.88	0	0	0	0	0	0.88	0	0	
JOC-14B-26N	1410	4.71	187	0	0.43	4.75	0.14	0.14	7.09	0.21	0.71	0.71	0.21	1.21	0.50	0.14	0.35	1.21	1.70	0.43	0	7.80	0.14	1.06	0.57	4.82	0	0.21	0.07	1.63	0	6.38	0	1.84	18.87	4.54	0.07	0	0.99	7.52	1.63	0.07	1.49	0.78	1.49	0.50	0	1.21	0	2.91	0.07	0.28	0	0.14	0.14	0.50	0.07	1.77	0.21	0.71	0.14	0	6.95	0.85	1.06	1.63	8.44	0.57	0.71	0	1.84	2.48	0.07	0.85	1.13	0.07	0	0	0.28	3.12	0	1.35	0.21	0.07	0.14	0	0	0.57	0.50	0.21	0.14	0.14	0.64	0	0.07	0.43	
JOC-14B-27N	280	4.55	141	0	0	2.50	0	0	7.86	0	0	0.36	1.07	1.43	0	0	0	1.43	1.79	0.71	0	7.50	0.36	1.79	0	3.57	0	0	0	1.79	0	9.64	0	1.07	18.93	2.50	0	0	0.71	8.93	1.79	0	0	0.36	2.50	0.36	0	0.71	0	3.57	0	0.71	0	0	0	0.71	0.71	1.07	0	2.50	0	0	4.29	4.29	0.71	0.71	8.21	0	0	0	1.79	4.29	0	0	0.36	0	0	0	0	2.86	0	1.07	0	0	0	0	0	0.71	0.71	0	0	0	0	0	0	0	
JOC-14B-28N	4150	4.05	163	0	0.48	4.46	0	0	7.64	0.05	0.51	0.48	0.75	1.71	0.65	0.10	0.24	0.70	2.02	0.36	0.02	4.17	0.34	1.37	0.24	9.59	0	1.06	0.07	1.69	0.05	4.12	0	0.41	19.42	1.04	0.10	0	0.39	7.86	1.59	0.07	0.67	0.14	2.92	0.72	0	1.35	0.24	4.10	0	0.99	0	0.02	0.17	0.99	0.36	2.72	0.02	0.36	0.05	0	5.73	2.05	0.96	1.40	10.75	0.29	0.41	0	1.33	4.29	0.02	0.99	0.94	0	0.29	0.02	0.17	3.18	0.02	0.51	0.10	0.07	0.22	0	0.12	0.34	0.89	0.10	0.02	0	0.27	0.05	0.12	0.39	
JOC-14B-29N	1846	4.36	196	0	0.49	3.25	0	0	8.78	0	1.63	0.27	0.27	1.73	0.43	0.05	0.16	0.38	2.00	0.49	0	5.74	0.22	0.76	0.11	6.77	0	0.54	0.05	2.06	0	5.53	0	0.33	19.07	2.76	0.05	0	1.35	7.69	0.92	0.27	0.65	0.38	2.71	0.54	0	1.95	0.16	3.47	0	0.92	0	0.05	0	0.76	0.11	1.90	0	4.88	0.11	0	4.28	1.84	0.92	1.25	10.40	0.16	0.22	0	0.70	3.25	0.05	0.98	0.98	0.05	0	0	0.05	2.71	0.11	0.87	0	0.05	0	0	0	0.33	0.70	0.05	0.05	0	0.05	0	0.05	0.49	
JOC-14B-30N	5480	4.48	187	0	0.16	4.14	0.02	0.02	7.70	0.02	0.78	0.47	0.38	1.90	0.20	0.13	0.40	0.91	2.24	0.58	0	6.09	0.11	0.86	0.22	6.72	0.04	0.46	0.04	1.90	0.09	5.00	0	1.31	21.33	1.59	0.05	0	0.69	7.35	2.04	0.42	0.82	0.66	2.06	0.66	0	0.64	0.38	3.32	0.05	0.86	0	0.05	0.35	0.62	0.24	2.24	0.16	0.69	0.07	0	5.95	2.52	1.08	1.68	8.72	0.13	0.33	0.02	1.72	2.88	0.15	1.08	1.04	0	0.24	0	0.07	3.87	0.26	0.89	0.02	0.04	0.16	0.02	0.02	0.62	0.55	0.16	0.05	0.02	0.11	0.04	0.09	0.09	
JOC-14B-31N	2684	4.73	194	0	0.11	3.13	0	0	7.71	0.07	0.45	0.37	0.67	1.83	0.30	0.19	0.30	0.75	1.30	0.52	0.07	8.01	0.22	0.93	0.37	4.81	0	0.15	0.04	1.45	0.04	5.74	0	1.71	17.81	6.15	0.22	0	0.71	8.57	1.49	0.22	0.67	0.48	1.23	0.41	0	0.52	0.11	2.79	0.07	0.52	0	0.11	0.04	0.52	0.48	2.16	0.07	2.24	0.07	0	6.18	1.01	1.60	1.90	9.17	0.30	0.34	0.04	1.60	2.38	0.19	0.60	0.86	0	0.60	0	0.07	3.69	0.04	1.01	0.07	0	0.19	0	0.07	0.78	0.71	0.19	0.04	0	0.34	0.15	0.04	0.11	
JOC-14B-32N	985	4.42	202	0	0	3.35	0	0	8.53	0	0.41	0.61	0.51	1.42	0.61	0.10	0.10	0.30	2.03	0.61	0	5.99	0.41	1.62	0.51	6.40	0	0.20	0	1.02	0	5.28	0	1.32	22.03	1.22	0	0	0.81	7.61	0.91	0.20	1.02	0.41	1.22	0.51	0	1.32	0.20	4.06	0.30	0.51	0	0.20	0.20	0.81	0.10	1.52	0.10	1.52	0	0	4.87	4.26	0.71	3.05	8.53	0.61	0.61	0	1.52	2.34	0	1.62	2.03	0	0.81	0	0	4.37	0.30	0.61	0	0	0.71	0.10	0	0.41	1.02	0.41	0	0	0.61	0.10	0	0	
JOC-15A-01N	8901	4.56	190	0	0.11	4.26	0	0	7.63	0.09	0.79	0.37	0.55	1.97	0.25	0.08	1.04	0.93	1.60	0.31	0.04	5.63	0.25	1.01	0.40	6.29	0	0.29	0.01	1.25	0.07	6.35	0	0.56	19.00	1.75	0.04	0	0.47	7.00	1.48	0.16	1.56	0.36	2.21	1.61	0.01	0.89	0.17	3.60	0.10	0.67	0	0.07	0.19	0.74	0.35	2.16	0.15	1.08	0.04	0	6.72	1.28	2.19	1.74	9.32	0.28	0.48	0.01	1.85	2.98	0.12	1.21	1.16	0	0.21	0	0.07	2.92	0.12	0.72	0.03	0.06	0.22	0	0.04	0.53	0.66	0.15	0.08	0.02	0.39	0.11	0.33	0.12	
JOC-15A-02N	4021	4.48	170	0	0.05	4.45	0	0	6.79	0.02	0.47	0.47	0.55	2.29	0.42	0.07	0.37	0.77	1.19	0.22	0.02	5.25	0.57	1.09	0.15	8.65	0	1.22	0	1.27	0	8.78	0	0.35	16.61	1.54	0.12	0	0.99	6.52	2.36	0.05	0.80	0.20	2.39	0.87	0	0.97	0.05	3.66	0.05	0.25	0	0.05	0.07	0.55	0.35	4.15	0.07	0.67	0.07	0	6.81	2.39	1.99	1.04	8.16	0.42	0.20	0.02	1.07	3.61	0.07	0.77	0.30	0.02	0.37	0	0.07	4.40	0.07	1.24	0	0	0.17	0.02	0.20	0.22	0.90	0.20	0.20	0	0.20	0.02	0.10	0.02	
JOC-15A-03N	8535	4.64	177	0	0.02	4.58	0.01	0.01	7.79	0.01	0.60	0.34	0.59	1.97	0.49	0.07	0.42	0.84	0.77	0.26	0.06	5.16	0.27	0.95	0.43	5.83	0.02	0.18	0	1.55	0.02	10.02	0	1.57	20.19	2.41	0.11	0	0.55	7.70	1.72	0.29	0.83	0.28	1.82	0.53	0	1.35	0.06	3.35	0.14	0.54	0	0.08	0.08	0.59	0.41	2.34	0.18	0.45	0.11	0	6.07	1.36	1.25	1.44	8.95	0.18	0.28	0	1.64	2.71	0.09	0.82	0.95	0.01	0.25	0	0.08	3.23	0.12	0.76	0.01	0.04	0.28	0.02	0.18	0.57	0.68	0.11	0.01	0	0.27	0.05	0.09	0	
JOC-15A-04N	8508	4.25	189	0.19	0.15	3.33	0.02	0.02	7.56	0.05	0.58	0.20	0.49	1.60	0.63	0.07	0.47	0.72	1.68	0.47	0.04	5.11	0.28	1.16	0.40	7.05	0.02	1.47	0.07	1.39	0	5.18	0	1.07	18.14	0.95	0.08	0	0.36	7.97	1.56	0.08	1.72	0.71	2.13	0.52	0.02	1.26	0.35	3.75	0.09	0.78	0	0.13	0.16	0.69	0.08	2.44	0.20	1.68	0.02	0	6.66	1.61	0.68	1.59	9.71	0.22	0.72	0	2.76	2.73	0.19	1.75	1.06	0.01	0.13	0.01	0.05	4.56	0.08	0.82	0	0.02	0.20	0.01	0.07	0.71	0.76	0.42	0.11	0.01	0.51	0.06	0.06	0.18	
JOC-15A-05N	8359	4.51	185	0.01	0.23	3.90	0	0	8.12	0.01	0.56	0.25	0.45	1.83	0.24	0.11	0.28	0.60	2.84	0.51	0.01	4.76	0.16	1.08	0.42	6.51	0.02	0.22	0.05	2.24	0.01	6.84	0	1.45	18.70	2.34	0.10	0	0.50	7.69	1.67	0.16	0.75	0.16	2.31	0.54	0	1.21	0.17	3.72	0.11	0.75	0	0.04	0.13	0.68	0.48	2.34	0.38	1.18	0.08	0.02	6.09	1.32	1.02	1.85	9.85	0.12	0.23	0	1.69	3.25	0.07	0.98	1.24	0.01	0.32	0.01	0.08	5.25	0.17	0.92	0.02	0.12	0.31	0	0.07	0.98	0.87	0.02	0.04	0	0.20	0.02	0.17	0.23	
JOC-15A-06N	4047	4.69	137	0	0.12	5.53	0	0	7.68	0	0.64	0.27	0.37	1.53	0.52	0.02	0.67	0.84	1.36	0.25	0	4.37	0.27	1.33	0.17	9.98	0	0.42	0.02	1.31	0	5.78	0	0.69	14.16	5.58	0.20	0	0.84	6.62	1.21	0.05	1.21	0.30	2.55	0.59	0.02	1.14	0.17	4.35	0.02	0.17	0	0.10	0.12	0.32	0.15	4.50	0.05	0.49	0.05	0	7.93	3.81	1.73	0.79	7.17	0.15	0.42	0	1.73	3.04	0.07	0.74	0.35	0	0.27	0.02	0.30	4.89	0.64	0.67	0	0.02	0.07	0	0	0.10	0.74	0.42	0.05	0	0.07	0	0.07	0.12	
JOC-15A-07N	9997	4.51	188	0	0.12	3.37	0.03	0.03	8.10	0.01	0.78	0.30	0.25	1.79	0.34	0.06	0.41	0.58	1.31	0.44	0.07	5.89	0.39	0.93	0.22	6.28	0	0.39	0.02	1.66	0.08	5.64	0	1.83	20.76	2.35	0.15	0.01	0.58	8.92	1.35	0.21	0.73	0.82	1.96	0.36	0	0.86	0.06	3.28	0.02	0.97	0	0.16	0.16	0.68	0.21	2.16	0.26	1.67	0.03	0	5.76	1.54	1.12	1.81	9.50	0.14	0.37	0	1.88	2.93	0.18	0.97	1.03	0.01	0.38	0	0.09	3.82	0.17	1.14	0	0.03	0.20	0.01	0.05	1.15	0.74	0.10	0.04	0.04	0.29	0.04	0.09	0.09	
JOC-15A-08N	891	4.69	197	0.11	0.22	3.82	0	0	7.97	0	1.01	0.45	0.34	1.80	0.56	0.11	0.34	1.01	0.90	0.45	0.11	4.38	0.34	1.23	0.67	4.26	0	0	0.11	2.02	0	8.98	0	1.35	20.09	3.59	0	0	0.67	5.84	2.36	0	1.12	0.34	2.92	0.56	0	0.45	0.11	3.14	0.22	0.34	0	0.11	0.22	0.56	0.34	2.02	0.11	2.13	0.11	0	6.29	0.45	1.12	1.46	10.55	0.34	0.11	0	1.57	4.04	0	1.46	0.90	0.11	0	0	0.11	3.03	0.22	0.79	0	0.11	0	0	0	0.34	1.23	0.11	0.22	0	0.22	0.11	0	0.22	
JOC-15A-09N	1658	4.54	168	0	0	3.38	0	0	7.66	0	0.78	0.60	0.60	1.27	0.42	0.24	0.72	1.03	0.42	0.30	0.06	7.72	0.18	0.66	0.36	5.97	0	0.06	0	1.39	0.06	6.39	0	1.57	20.33	3.98	0.24	0	0.78	8.81	1.69	0.12	0.42	0.54	1.81	0.97	0	1.03	0.06	2.65	0.12	0.12	0.12	0.06	0.12	0.90	0.18	2.53	0.06	0.90	0	0	6.45	0.84	0.78	1.15	8.93	0.30	0.54	0	1.57	2.90	0.18	0.60	0.48	0	0.36	0	0.06	2.23	0.12	1.03	0	0.06	0.24	0	0.18	0.66	0.48	0.06	0.18	0	0.42	0	0.12	0	
JOC-15A-10N	1334	4.50	181	0	0	3.37	0	0	6.37	0.15	0.37	0.60	0.37	1.20	0.30	0.07	0.75	0.90	1.50	0.37	0	6.90	0.07	0.97	0.75	6.37	0	0.67	0	2.47	0.07	5.10	0	1.35	21.06	2.25	0.07	0	0.45	8.47	1.95	0	0.52	0.15	1.80	0.37	0	1.35	0.45	3.15	0	0.60	0	0.07	0.15	0.82	0.22	2.17	0.22	1.05	0.07	0	5.40	2.10	0.67	1.20	8.92	0.15	0.82	0	1.50	2.92	0.07	0.45	0.97	0	0.07	0	0.07	4.95	0.07	0.45	0	0	0.15	0	0	0.67	0.97	0.22	0.15	0	0.45	0.07	0.22	0	
JOC-15A-11N	825	4.48	188	0	0.12	4.24	0	0	7.27	0	0.48	0.12	0.61	2.55	0.97	0.24	0.97	0.36	2.30	0.24	0	6.06	0.24	0.97	0.48	7.03	0	0.36	0	1.21	0	6.79	0	0.61	19.15	1.70	0.24	0	0.12	6.06	1.58	0	0.61	0.85	2.42	0.85	0	1.45	0.36	3.88	0	0.36	0	0	0.24	0.48	0.24	1.33	0	0.97	0.12	0	4.12	2.18	3.03	1.45	10.67	0	0.48	0	3.03	3.76	0	1.45	0.97	0	0.36	0	0.12	3.76	0.24	0	0	0.12	0.24	0	0.12	0.12	0.97	0.12	0	0.12	0.24	0	0.85	0.12	
JOC-15B-01N	3146	4.43	152	0	0.22	3.69	0.06	0.06	7.76	0.03	0.64	0.48	0.35	1.62	0.70	0.06	0.25	0.73	1.65	0.48	0.03	7.34	0.10	0.89	0.38	5.88	0.03	0.32	0	1.97	0.13	5.34	0	1.24	20.47	2.29	0.16	0	0.79	9.15	1.59	0.41	1.02	0.16	1.37	0.29	0	1.27	0.29	3.72	0.13	0.32	0	0.19	0.03	0.51	0.38	2.32	0.06	1.11	0	0	5.40	3.97	0.89	2.03	6.20	0.32	0.54	0.10	1.34	2.26	0.19	0.41	1.24	0	0.35	0	0.03	3.02	0.16	0.60	0.03	0	0.41	0	0.13	0.38	0.41	0.13	0.19	0	0.54	0.06	0.03	0.25	
JOC-15B-02N	1548	4.48	188	0	0.06	3.23	0.13	0.13	6.27	0	0.19	0.26	0.65	2.71	0.13	0.13	0.39	0.39	1.87	0.26	0.13	7.56	0	1.10	0.58	4.91	0	0.45	0	2.20	0	4.52	0	1.16	19.83	4.39	0.06	0	0.39	8.40	2.33	0	1.10	0.97	1.49	0.58	0	0.65	0	2.65	0.19	0.84	0	0.19	0.26	0.39	0.52	2.52	0.06	1.87	0	0	6.91	2.33	1.16	1.49	6.78	0.13	0.39	0	2.20	2.65	0.06	1.49	0.78	0	0.45	0	0.06	2.78	0.26	1.42	0	0	0.19	0	0.06	0.45	0.65	0.26	0.06	0	0.13	0	0	0.19	
JOC-15B-03N	3400	4.47	188	0.03	0.12	4.35	0	0	7.65	0	0.65	0.41	0.50	1.65	1.79	0.03	0.35	0.65	1.65	0.50	0.09	8.18	0.15	0.82	0.59	3.53	0	0.24	0.09	1.74	0	6.35	0	0.88	22.94	2.47	0.03	0	0.71	8.91	1.88	0.03	0.71	0.59	1.24	0.65	0	1.29	0.09	3.26	0.03	0.29	0	0.06	0.15	0.35	0.41	1.91	0.21	0.94	0.12	0	4.79	3.59	1.06	2.26	6.68	0.09	0.26	0.03	1.12	2.71	0.21	0.65	1.35	0	0.38	0	0.15	2.71	0.15	0.29	0.03	0.03	0.15	0.03	0.15	0.38	0.53	0.15	0	0.03	0.18	0.15	0.15	0.12	
JOC-15B-04N	3317	4.43	182	0	0.39	4.31	0.06	0.06	7.75	0.03	0.51	0.69	0.21	1.99	1.45	0.09	0.06	0.42	1.54	0.54	0.06	5.55	0.27	1.09	0.33	4.67	0.03	0.21	0	1.03	0.09	7.66	0	0.33	24.24	1.15	0.21	0	0.24	9.23	1.15	0.33	0.69	0.54	1.84	0.57	0.06	0.99	0.12	3.47	0.15	0.27	0	0.12	0.09	0.99	0.24	1.57	0.36	1.93	0.06	0	3.95	5.61	1.21	1.72	6.42	0.18	0.54	0	1.21	3.14	0.21	0.60	1.09	0.03	0.21	0	0.12	3.23	0.21	0.66	0	0.06	0.24	0	0.15	0.24	0.57	0.06	0.03	0.03	0.51	0	0.12	0.39	
JOC-15B-05N	2055	4.69	212	0	0.10	3.50	0.15	0.15	7.20	0.10	0.49	0.29	0.29	2.34	0.83	0.19	0.39	0.63	1.65	0.63	0	7.45	0.34	1.12	0.44	3.55	0.05	0.10	0	1.61	0.05	6.42	0	0.58	21.95	1.85	0	0.10	0.54	6.67	1.95	0.15	1.07	0.44	1.85	0.73	0	1.65	0.19	3.26	0.05	0.10	0	0.10	0.19	0.97	0.39	2.68	0.15	1.56	0.05	0	5.84	1.95	1.65	2.09	8.86	0.19	0.15	0	1.31	3.11	0.05	0.68	1.27	0	0.34	0	0	2.68	0.29	0.49	0	0.05	0.34	0	0.24	0.05	0.63	0.05	0	0.10	0.24	0.05	0.34	0.05	
JOC-15B-06N	2158	4.65	165	0	0.19	4.22	0.05	0.05	7.37	0.05	0.51	0.32	0.51	2.18	0.23	0.14	0.51	0.65	1.62	0.60	0.05	5.10	0.46	0.93	0.56	3.38	0	0.23	0.14	1.53	0	6.58	0	1.07	21.18	2.18	0.09	0.05	0.65	8.85	1.90	0.32	0.93	0.19	1.85	0.60	0	1.53	0.23	3.75	0.05	0.32	0	0.19	0.14	0.70	0.37	2.83	0.09	2.04	0	0	6.30	0.88	1.85	1.30	9.31	0.05	0.32	0	1.30	2.92	0.09	0.65	0.65	0	0.28	0	0.23	4.26	0.09	0.60	0	0.05	0.19	0	0.19	0.37	0.74	0	0.05	0.05	0.23	0.09	0.14	0.19	
JOC-15B-07N	1171	4.60	192	0	0	4.01	0	0	8.63	0	0.51	0.43	0.34	2.05	0.85	0.09	0.17	0.34	2.13	0.43	0	5.64	0.26	0.77	0.68	4.27	0	0.26	0	2.22	0	4.27	0	1.28	20.92	2.22	0.09	0	0.51	6.92	2.31	0.09	0.68	0.68	1.79	0.68	0.09	2.39	0.34	3.42	0.17	0.34	0	0.09	0.09	0.94	0.43	1.88	0	1.45	0.09	0	5.89	2.48	1.28	2.99	9.48	0.26	0.26	0	2.05	2.65	0.09	0.94	1.88	0	0.51	0	0	3.84	0.51	0.68	0.09	0.09	0.43	0	0.09	0.43	0.60	0.34	0	0	0.26	0.09	0.17	0	
CORPUS	3729.38	4.49	171.45	0.00	0.22	3.90	0.04	0.04	7.49	0.04	0.48	0.42	0.53	1.89	0.52	0.10	0.39	0.69	1.67	0.49	0.05	6.06	0.25	1.04	0.38	5.85	0.05	0.28	0.03	1.69	0.04	5.87	0.00	1.17	19.93	2.49	0.12	0.01	0.64	7.63	1.56	0.17	0.90	0.48	1.79	0.63	0.01	1.12	0.17	3.33	0.11	0.39	0.00	0.12	0.15	0.66	0.35	2.33	0.17	2.01	0.06	0.00	6.01	2.34	1.34	1.92	8.64	0.25	0.46	0.01	1.69	2.80	0.10	0.89	1.14	0.01	0.40	0.01	0.08	3.47	0.22	0.76	0.03	0.06	0.25	0.01	0.06	0.45	0.73	0.15	0.07	0.03	0.34	0.06	0.12	0.21	