Filename	Tokens	AWL	TTR	#	$	''	,	-LRB-	-RRB-	.	:	AMP	ANDC	CAUS	CC	CD	CONC	COND	CONJ	DEMO	DEMP	DPAR	DT	DWNT	EMPH	EX	FPP1	FW	GER	HDG	IN	INPR	JJ	LS	NEMD	NN	NOMZ	OSUB	PDT	PHC	PIN	PIT	PLACE	POMD	POS	PRED	PRMD	PRP	QUAN	QUPR	RB	RP	SPP2	SYM	SYNE	THAC	THVC	TIME	TO	TOBJ	TPP3	TSUB	UH	VB	VBD	VBG	VBN	VPRT	WDT	WP	WPS	XX0	[BEMA]	[BYPA]	[CONT]	[PASS]	[PASTP]	[PEAS]	[PIRE]	[PRESP]	[PRIV]	[PROD]	[PUBV]	[SERE]	[SMP]	[SPAU]	[SPIN]	[STPR]	[SUAV]	[THATD]	[WHCL]	[WHOBJ]	[WHQU]	[WHSUB]	[WZPAST]	[WZPRES]	``	
ACA-A6U-002	2801	4.91	228	0	0.07	0.86	6.03	0.75	0.79	5.71	1.04	0.11	0.25	0.04	1.14	2.89	0.14	0	0.21	0.71	0.18	0	11.85	0.21	0.68	0.25	0.18	0.14	0.89	0	1.21	0	9.82	0.32	0	28.31	3.07	0.29	0	1.00	13.46	1.07	0.54	0.14	1.82	0.18	0.04	0.04	0.39	0	2.25	0.07	0.04	0	0.11	0	0.07	0.36	1.00	0.04	3.25	0.04	0	1.18	2.00	1.29	3.28	4.21	0.46	0.29	0	0.25	1.11	0.29	0	0.57	0.14	1.11	0.14	0.14	0.71	0.04	0.18	0.04	0.04	0.18	0	0	0.14	0.07	0	0.14	0.07	0.14	0.29	0.14	1.04	
ACA-A6U-003	5180	4.92	222	0	0	0.35	8.30	0.50	0.50	4.19	1.12	0.27	0.62	0.19	2.08	1.54	0.10	0.08	0.56	0.83	0.37	0.02	9.92	0.21	0.56	0.23	0.27	0.15	0.60	0	1.60	0	9.21	0.17	0.08	27.03	2.57	0.19	0	1.08	13.75	0.68	0.29	0.35	1.04	0.62	0.19	0	0.68	0.10	3.38	0.19	0	0.19	0.17	0.04	0.17	0.33	1.02	0.06	3.30	0.06	0	1.70	1.49	1.25	2.99	4.56	0.62	0.17	0.02	0.46	1.62	0.17	0	1.08	0.10	0.79	0.15	0.17	0.64	0.06	0.42	0.10	0.17	0.29	0	0.06	0.21	0.08	0	0.10	0	0.29	0.12	0.15	0.41	
ACA-A6U-004	5419	5.00	225	0.02	0.02	1.07	4.76	0.81	0.79	3.67	2.14	0.07	0.96	0.06	1.53	1.16	0.09	0.28	0.50	1.14	0.83	0.04	11.37	0.31	0.68	0.24	0.52	0.41	0.17	0.02	1.90	0.04	8.80	0.02	0.07	21.63	3.84	0.22	0.04	0.98	13.60	2.20	0.28	0.42	1.35	0.87	0.33	0.02	0.55	0.07	3.58	0.11	0.13	0	0.17	0.04	0.33	0.35	1.83	0.33	0.94	0.04	0	3.08	0.79	1.64	2.40	5.76	0.72	0.24	0.07	0.98	2.34	0.09	0.18	0.74	0.13	0.35	0.26	0.20	0.98	0.09	0.63	0.18	0.09	0.41	0	0.09	0.07	0.13	0	0.09	0.02	0.13	0.37	0.28	1.51	
ACA-A6U-005	3251	5.30	225	0.03	0	0.43	4.28	0.86	0.86	4.71	0.71	0.12	0.34	0	2.15	1.41	0.15	0.09	0.77	1.26	0.34	0	9.57	0.40	0.65	0.12	0.62	0.46	0.28	0	1.57	0	8.55	0.06	0	26.15	3.41	0.34	0	1.97	13.41	0.62	0.09	0.34	1.32	0.46	0.15	0	0.80	0	3.29	0.03	0.03	0	0.03	0.03	0.49	0.49	1.02	0.22	2.28	0.18	0	1.69	3.60	2.00	2.49	3.91	0.46	0.28	0	0.62	1.26	0.18	0	0.89	0.03	0.55	0.18	0.22	0.92	0.09	0.77	0.12	0.09	0.34	0	0	0.25	0.15	0.06	0.12	0	0.22	0.18	0.25	0.86	
ACA-A6U-006	6022	5.27	204	0.03	0.05	0.91	4.65	0.71	0.71	3.92	0.63	0.07	0.85	0.15	2.13	0.90	0.05	0.15	0.48	0.93	0.35	0.03	12.35	0.23	0.40	0.23	0.35	0.12	0.55	0	1.41	0.03	8.27	0	0.07	24.48	4.80	0.08	0	1.11	14.28	1.79	0.20	0.28	1.13	0.68	0.08	0	0.56	0.03	2.49	0.07	0.03	0	0.18	0.08	0.20	0.38	1.00	0.17	2.01	0.03	0	1.61	1.99	0.88	2.52	5.65	1.35	0.32	0.05	0.42	1.61	0.15	0	0.86	0.12	0.68	0.33	0.07	1.01	0.05	0.71	0.22	0.27	0.40	0.02	0.05	0.08	0.05	0.05	0.18	0.03	0.56	0.20	0.18	1.06	
ACA-ACJ-001	18866	4.93	197	0	0	0.56	4.71	0.77	0.77	3.20	0.74	0.10	0.99	0.11	1.99	1.30	0.09	0.41	0.54	1.21	0.69	0	10.96	0.29	0.65	0.54	0.14	0.04	0.71	0.01	1.39	0.02	7.22	0.05	0.74	21.02	4.17	0.24	0.01	0.49	12.45	1.14	0.25	0.89	0.45	1.09	0.63	0.02	0.91	0.09	3.17	0.03	0	0	0.24	0.10	0.56	0.21	2.14	0.22	0.80	0.03	0	4.69	1.89	1.87	3.55	4.69	0.83	0.42	0.02	0.69	1.96	0.16	0.01	1.87	0.05	0.49	0.19	0.15	1.35	0.07	0.32	0.15	0.14	0.52	0	0.03	0.58	0.07	0.05	0.09	0.06	0.46	0.22	0.21	0.59	
ACA-ACJ-002	17935	4.86	197	0	0	0.61	4.62	0.68	0.68	3.22	0.85	0.07	1.05	0.13	2.04	1.73	0.11	0.35	0.55	1.29	0.69	0.01	10.12	0.27	0.60	0.61	0.15	0.03	0.33	0	1.64	0.02	8.33	0.05	0.56	21.62	3.96	0.21	0	0.42	12.34	1.14	0.21	0.95	0.57	0.91	0.52	0.02	0.97	0.11	3.16	0.03	0	0	0.22	0.13	0.65	0.26	2.21	0.24	1.06	0	0	4.40	1.01	1.81	3.06	5.70	0.66	0.34	0.01	0.74	1.83	0.18	0	1.44	0.06	0.52	0.17	0.11	1.01	0.06	0.48	0.15	0.18	0.36	0	0.03	0.49	0.09	0.05	0.07	0.04	0.37	0.16	0.23	0.67	
ACA-ALP-001	6349	5.06	182	0.03	0	0.36	4.74	1.07	1.07	3.86	1.12	0.13	0.39	0.11	2.30	2.91	0.03	0.20	0.69	0.80	0.80	0.03	9.94	0.38	0.77	0.13	0.79	0.27	0.83	0.03	1.61	0.06	5.99	0.13	0.17	21.99	4.65	0.16	0	0.98	12.57	1.10	0.08	0.49	0.47	0.88	0.43	0	0.54	0.14	2.68	0.13	0.55	0.11	0.22	0.05	0.25	0.33	2.14	0.16	1.34	0.09	0.02	3.67	2.76	2.44	3.51	4.38	0.30	0.32	0	0.76	1.61	0.19	0.36	1.73	0.09	0.49	0.05	0.09	1.62	0.16	0.41	0.03	0.08	0.39	0.05	0.08	0.32	0.22	0.08	0	0.03	0.25	0.38	0.47	0.46	
ACA-ALP-002	6113	4.46	178	0	0	0.34	3.52	0.54	0.54	3.52	1.16	0.11	0.43	0.18	3.01	3.86	0.11	0.20	0.23	1.57	1.03	0	7.90	0.26	1.67	0.21	0.39	0.13	0.46	0	1.46	0.03	6.30	0	0.05	20.87	2.01	0.07	0.02	0.82	15.34	0.49	0.11	0.59	0.54	0.93	0.31	0	1.03	0.16	2.52	0.10	0.03	0	0.23	0.02	0.34	0.23	1.60	0.07	3.39	0.05	0	2.90	6.46	1.57	4.14	1.49	0.23	1.36	0.03	0.72	2.18	0.07	0.36	1.42	0.03	1.67	0.20	0.11	1.19	0.07	0.83	0	0.16	0.39	0	0.10	0.28	0.21	0.08	0.10	0	0.67	0.26	0.26	0.39	
ACA-ALP-003	4927	5.41	184	0	0	0.51	6.76	2.09	2.09	4.04	1.16	0.14	1.66	0	2.11	2.84	0.08	0.10	0.75	1.06	0.63	0	9.42	0.22	0.45	0.04	0.97	0.51	0.24	0	1.04	0.02	6.66	0.16	0.12	21.64	8.77	0.02	0	1.70	12.50	0.75	0.24	0.69	0.26	0.91	0.67	0	0.79	0.02	2.98	0.06	0.02	0	0.08	0.04	0.35	0.08	1.16	0.04	1.79	0.12	0.02	3.13	1.18	1.26	2.72	5.20	0.51	0.49	0.04	0.51	1.68	0.08	0	1.16	0.02	0.39	0.37	0.16	1.44	0.02	0.47	0.02	0.14	0.26	0.02	0.10	0.73	0.16	0.18	0	0.18	0.10	0.22	0.16	0.67	
ACA-ALP-004	7817	5.20	196	0	0	0.18	6.08	1.68	1.66	4.71	1.05	0.17	0.92	0.13	1.98	3.80	0.28	0.05	0.84	0.95	0.75	0.01	7.02	0.31	0.87	0.28	0.12	0.36	0.41	0	1.04	0.01	9.62	0.01	0.15	24.42	4.16	0.13	0.01	0.73	13.55	0.40	0.17	0.51	0.56	1.04	0.14	0	0.55	0.03	3.81	0.04	0	0.06	0.18	0.03	0.40	0.15	1.05	0.05	1.42	0	0	2.03	4.00	1.55	4.62	3.13	0.33	0.28	0.01	0.78	1.70	0.23	0	1.98	0.22	0.40	0.08	0.12	1.50	0.03	0.58	0.10	0.08	0.51	0.01	0.04	0.40	0.18	0.08	0.01	0.01	0.22	0.51	0.38	0.28	
ACA-AMM-001	31960	5.08	213	0	0	0.22	5.55	0.79	0.79	4.82	0.92	0.38	1.18	0.10	1.46	1.44	0.11	0.09	0.20	1.09	0.35	0	10.64	0.39	0.79	0.25	0.26	0.10	0.27	0.02	1.28	0.02	10.22	0.00	0.07	25.92	1.52	0.13	0.01	0.69	12.12	0.73	0.33	0.61	0.16	1.13	0.16	0.01	1.64	0.05	3.90	0.09	0.02	0	0.08	0.06	0.12	0.60	0.97	0.09	1.75	0.33	0	2.10	1.76	1.43	3.61	6.13	0.64	0.04	0.00	0.37	2.36	0.11	0	1.66	0.10	0.77	0.17	0.15	1.23	0.03	0.06	0.33	0.12	0.53	0	0.05	0.12	0.06	0.04	0.02	0	0.09	0.28	0.33	0.34	
ACA-AMM-002	6867	4.92	207	0	0	0.25	5.10	0.63	0.63	4.76	0.47	0.38	0.93	0.15	1.08	1.34	0.10	0.13	0.16	1.37	0.50	0	10.75	0.25	0.73	0.51	0.41	0.16	0.55	0.09	1.59	0.04	8.37	0	0.15	23.40	1.81	0.20	0	0.33	12.03	1.25	0.41	0.98	0.06	1.19	0.19	0.01	1.79	0.03	3.80	0.15	0	0	0.22	0.15	0.33	0.41	1.63	0.13	1.27	0.35	0	3.45	1.97	1.73	3.58	5.82	0.82	0.13	0	0.35	2.18	0.12	0	1.75	0.09	0.86	0.23	0.19	1.35	0.03	0.29	0.32	0.23	0.63	0.01	0.03	0.29	0.07	0.16	0	0.06	0.19	0.26	0.20	0.31	
ACA-AS6-001	6862	5.18	238	0.06	0	0.80	7.08	0.85	0.85	3.56	1.71	0.04	1.22	0.07	1.66	1.79	0.09	0.13	0.57	0.71	0.41	0	10.51	0.20	0.74	0.23	0.15	0.25	0.66	0.01	1.40	0.04	10.97	0.03	0.19	21.54	6.38	0.12	0.04	1.27	13.19	1.03	0.22	0.41	0.67	0.51	0.32	0	1.18	0.03	2.91	0.12	0.01	0	0.17	0.01	0.39	0.36	1.36	0.13	0.87	0.13	0	2.55	2.80	1.56	2.90	3.63	0.58	0.29	0.01	0.57	1.54	0.23	0	0.96	0.12	0.73	0.10	0.10	0.86	0.06	0.52	0.20	0.07	0.41	0	0.12	0.19	0.10	0.03	0.07	0.06	0.20	0.19	0.12	1.05	
ACA-AS6-002	7427	5.00	200	0.07	0	0.79	5.71	0.62	0.62	3.77	0.98	0.13	1.32	0.03	1.94	3.90	0.12	0.08	0.40	0.83	0.28	0	11.61	0.18	0.44	0.18	0.16	0.05	0.47	0.04	1.74	0.01	8.48	0.09	0.04	25.22	4.12	0.27	0	1.36	13.57	0.59	0.19	0.28	0.77	0.43	0.01	0	0.71	0.01	1.97	0.07	0.01	0	0.11	0.01	0.39	0.38	1.29	0.05	0.94	0.08	0	1.89	5.25	1.53	3.39	1.47	0.89	0.26	0.03	0.39	1.10	0.31	0.01	1.58	0.07	0.57	0.24	0.11	1.00	0.01	0.69	0.09	0.11	0.23	0	0	0.20	0.11	0.07	0.11	0.01	0.51	0.16	0.26	1.17	
ACA-AS6-003	6329	5.16	238	0	0	0.71	5.85	1.34	1.34	4.19	0.95	0.17	0.76	0.09	1.88	3.16	0.09	0.24	0.51	1.09	0.70	0.02	10.10	0.30	0.54	0.51	0.41	0.49	0.35	0	1.53	0.05	10.73	0.08	0.19	22.80	4.09	0.30	0.02	1.56	13.37	0.87	0.17	0.52	0.60	0.62	0.27	0.02	0.68	0.02	2.97	0.13	0	0	0.13	0.05	0.40	0.46	1.00	0.09	0.49	0.02	0	2.20	1.75	2.05	3.19	4.06	0.63	0.22	0.02	0.62	1.63	0.17	0	1.01	0.09	0.90	0.06	0.14	1.09	0.08	0.43	0.16	0.09	0.44	0	0.06	0.11	0.06	0.02	0.05	0.09	0.36	0.27	0.16	0.96	
ACA-AS6-004	9077	5.14	197	0.01	0	0.97	5.75	0.76	0.76	3.49	1.31	0.19	0.76	0.08	2.37	1.83	0.04	0.17	0.47	1.15	0.59	0.01	9.69	0.20	0.46	0.08	0.37	0.11	0.53	0.01	1.48	0.01	9.67	0.06	0.14	23.00	5.22	0.11	0.01	1.36	12.76	0.78	0.23	0.42	0.89	0.59	0.39	0	0.83	0.04	2.61	0.15	0.04	0	0.10	0.02	0.34	0.29	1.96	0.09	1.47	0.08	0	3.14	1.87	1.59	3.77	4.53	0.54	0.42	0.08	0.48	1.34	0.15	0.11	1.58	0.04	0.90	0.13	0.20	0.96	0.09	0.72	0.13	0.03	0.39	0	0.08	0.31	0.09	0.01	0.07	0.03	0.25	0.19	0.15	1.38	
ACA-B1G-001	15313	5.08	193	0	0	0.41	3.42	1.46	1.46	4.33	0.88	0.15	0.56	0.08	1.38	2.99	0.10	0.04	0.74	1.06	0.46	0.01	10.65	0.24	0.30	0.28	0.15	0.38	0.43	0	0.95	0.01	8.36	0.25	0.23	26.40	4.64	0.23	0.01	1.07	12.23	0.69	0.22	0.74	0.15	0.83	0.22	0.02	0.99	0	2.31	0.05	0.03	0.03	0.08	0.05	0.41	0.20	1.78	0.09	0.38	0.12	0	3.22	1.02	1.97	3.95	4.98	0.63	0.11	0.02	0.23	1.57	0.19	0	1.80	0.08	0.40	0.08	0.18	1.14	0.02	0.44	0.06	0.06	0.50	0	0.04	0.48	0.04	0.03	0.07	0.01	0.34	0.38	0.36	0.48	
ACA-B17-002	16782	5.06	199	0.02	0	0.75	5.49	0.27	0.27	4.33	0.55	0.15	0.76	0.08	1.98	0.92	0.10	0.20	0.97	1.29	0.50	0.01	8.28	0.13	0.80	0.41	0.58	0	0.35	0.02	1.66	0.03	9.62	0.01	0.12	22.37	3.30	0.15	0.01	1.52	11.88	0.97	0.35	0.52	0.46	1.00	0.68	0.01	0.82	0.14	3.17	0.10	0.08	0	0.14	0.05	0.70	0.27	1.76	0.27	1.54	0.13	0	3.62	1.44	1.84	3.59	6.36	0.48	0.51	0.02	0.79	1.83	0.20	0.08	1.79	0.07	0.70	0.13	0.18	1.51	0.10	0.74	0.10	0.17	0.53	0	0.08	0.44	0.10	0.10	0.06	0.03	0.34	0.17	0.24	0.92	
ACA-B17-003	13088	4.87	216	0	0	0.63	5.14	0.32	0.32	3.87	1.25	0.19	0.87	0.11	1.92	2.17	0.16	0.18	0.78	1.12	0.39	0.02	8.84	0.27	0.89	0.42	0.96	0	0.46	0.01	1.38	0.05	8.19	0.01	0.11	22.68	2.71	0.24	0.02	1.15	13.10	0.86	0.35	0.73	0.33	0.99	0.60	0.02	0.90	0.15	3.26	0.11	0.11	0	0.11	0.11	0.50	0.18	1.82	0.16	1.47	0.14	0.01	3.66	1.38	1.62	3.42	5.82	0.55	0.38	0.02	0.73	1.85	0.15	0.08	1.47	0.05	0.76	0.20	0.15	1.17	0.28	0.69	0.11	0.11	0.43	0.02	0.18	0.31	0.09	0.11	0.05	0.03	0.27	0.21	0.12	0.76	
ACA-CLP-001	20420	5.09	211	0	0	0.14	2.74	0.43	0.43	4.38	0.25	0.32	0.21	0.18	2.86	1.41	0.06	0.27	0.60	1.01	0.69	0.01	10.19	0.28	0.68	0.56	0.03	0.08	0.54	0.01	1.50	0.03	8.08	0.05	0.45	21.32	4.60	0.14	0.00	1.15	11.88	1.20	0.11	1.12	0.07	1.19	0.48	0.01	1.06	0.06	3.75	0.14	0	0	0.13	0.03	0.22	0.21	1.78	0.10	1.08	0.02	0	4.04	0.41	1.88	3.19	6.13	0.91	0.42	0.00	0.60	2.25	0.24	0	1.82	0.00	0.28	0.17	0.07	1.05	0.17	0.22	0.03	0.10	0.52	0.01	0.07	0.46	0.03	0.04	0.10	0.01	0.56	0.14	0.31	0.17	
ACA-B1G-002	22355	5.28	175	0.04	0.01	0.22	3.99	1.48	1.48	3.76	1.06	0.20	0.33	0.06	2.11	2.31	0.10	0.12	0.77	0.94	0.54	0.01	8.90	0.22	0.44	0.26	0.39	0.38	0.86	0.01	1.07	0.02	9.38	0.18	0.19	26.03	5.01	0.18	0.02	1.73	13.22	0.57	0.31	0.61	0.27	0.78	0.31	0	1.13	0.03	2.53	0.07	0	0	0.10	0.04	0.23	0.30	1.42	0.09	0.43	0.13	0	2.81	0.77	1.78	3.42	4.90	0.48	0.15	0.02	0.18	1.52	0.21	0.00	1.45	0.11	0.68	0.16	0.16	1.00	0.00	0.30	0.05	0.13	0.43	0.00	0.07	0.33	0.06	0.02	0.04	0.01	0.19	0.27	0.36	0.29	
ACA-B2K-001	4680	5.11	206	0	0.17	0.21	4.51	1.86	1.86	4.72	0.38	0.17	0.49	0.04	1.54	3.01	0.09	0.30	0.83	1.97	0.98	0	9.74	0.36	0.43	0.26	0.34	0.19	0.02	0	0.96	0.02	7.52	0.09	0.24	20.38	6.39	0.11	0	1.24	12.09	1.60	0.15	1.09	0.09	1.52	0.53	0	0.85	0	2.59	0.02	0	0.45	0.19	0.09	0.56	0.36	1.03	0.09	0.36	0.34	0	4.06	0.28	1.69	4.08	6.71	0.68	0.13	0	0.49	2.65	0.62	0	1.92	0.04	0.66	0.34	0.15	1.62	0	0.13	0.17	0.15	0.77	0.02	0.26	0.17	0.11	0.02	0	0	0.11	0.21	0.13	0.21	
ACA-B2K-002	1128	4.74	179	0	0	0	5.41	3.99	3.99	4.17	0.09	0.09	0.98	0	1.42	5.76	0	1.33	0.89	1.77	1.33	0.09	9.93	0.18	0	0.09	0.44	0	0	0	0.89	0	6.21	0.18	0.09	19.24	5.76	0.27	0	0.71	11.97	1.68	0.35	1.51	0	1.42	0.18	0	0.44	0	3.46	0	0	0.35	0	0	0.35	0.35	1.42	0.09	0.18	0.18	0	3.90	0.44	2.48	3.81	6.21	1.06	0	0	0.27	1.86	0.27	0	2.30	0	0.35	0.35	0.35	1.24	0	0.44	0.27	0	0.71	0	0.35	0.35	0.35	0	0.18	0	0.18	0.35	0.27	0	
ACA-B2K-003	6033	4.91	182	0	0.02	0.13	4.38	4.33	4.34	4.44	0.08	0.02	0.90	0.02	1.62	5.50	0.10	0.36	0.90	2.12	1.09	0	10.39	0.18	0.20	0.27	0.18	0.10	0.03	0	0.86	0.03	5.97	0.08	0.23	17.50	6.27	0.18	0	0.83	11.85	1.48	0.36	1.61	0.03	1.31	0.28	0	0.41	0	3.22	0	0	0.30	0.03	0.05	0.61	0.48	1.43	0.05	0.35	0.20	0	4.08	0.27	2.27	5.14	6.66	1.06	0.02	0	0.38	2.22	0.76	0	2.54	0.07	0.80	0.45	0.18	1.89	0.02	0.17	0.38	0.07	1.19	0	0.20	0.27	0.27	0.02	0.05	0.02	0.12	0.36	0.20	0.08	
ACA-B2K-004	1342	4.90	196	0	0	0.07	6.63	6.93	6.93	4.40	0.30	0.07	1.49	0.07	2.31	7.38	0	0	1.12	2.01	1.42	0	8.42	0.30	0.30	0	0.22	0.45	0.07	0	0.60	0	5.89	0.75	0.22	15.28	7.97	0.07	0	1.12	10.73	1.64	0.22	1.94	0.22	1.34	0.15	0	0.15	0	3.13	0	0	0.22	0	0.07	0.30	0.82	1.71	0.07	0.22	0.15	0	4.62	0.30	1.79	5.44	6.04	0.97	0	0.07	0.22	2.16	0.67	0	2.91	0.67	0.30	0	0.15	2.24	0	0.75	0.67	0	0.75	0	0.37	0.45	0.45	0.07	0.22	0.07	0.07	0.22	0.15	0.07	
ACA-B2K-005	3727	5.06	167	0	0	0.05	5.18	5.18	5.18	4.35	0.08	0.03	0.91	0	1.13	6.04	0.08	0.59	0.54	1.69	1.26	0.03	10.06	0.24	0.27	0.05	0.13	0.03	0.35	0	0.86	0	6.63	0.16	0.11	15.86	8.96	0.16	0	1.02	10.79	1.29	0.16	1.74	0.38	1.10	0.32	0	0.46	0	3.86	0	0	0.11	0.03	0.11	0.43	0.43	1.58	0.03	0.40	0.19	0	3.70	0.51	2.09	5.96	6.14	0.78	0.11	0.03	0.21	2.04	0.99	0	3.01	0.11	0.86	0.21	0.11	1.69	0.05	0.24	0.27	0.03	1.18	0	0.13	0.11	0.27	0.05	0.05	0	0.21	0.32	0.27	0.05	
ACA-B2K-006	3371	5.09	166	0	0	0	4.42	3.77	3.77	4.63	0.09	0.06	0.74	0	1.10	4.75	0.06	0.15	0.68	1.90	1.01	0.03	11.42	0.21	0.24	0.21	0.18	0.03	0.12	0	0.83	0	5.55	0.03	0.18	17.38	7.62	0.18	0	1.25	11.51	1.42	0.24	1.57	0.03	0.98	0.30	0.06	0.33	0	3.50	0	0	0.12	0.03	0.09	0.59	0.36	1.10	0.03	0.47	0.27	0	3.74	0.53	2.40	6.20	6.50	1.25	0	0.03	0.18	1.96	0.86	0	2.67	0.09	1.45	0.39	0.15	1.60	0	0.36	0.27	0.09	1.33	0	0.39	0.18	0.36	0	0.03	0.03	0.44	0.47	0.36	0	
ACA-B2K-007	1565	4.95	167	0	0	0.13	3.51	2.88	2.88	4.15	0.06	0.06	0.96	0.13	1.73	4.09	0.06	0.06	0.51	1.85	0.70	0	11.88	0.19	0.26	0.06	0.19	0.06	0	0	1.09	0	7.35	0.13	0.13	19.23	5.94	0.32	0	0.96	12.14	1.53	0.38	0.89	0.32	0.96	0.06	0	0.51	0	2.43	0.06	0	0.26	0	0	0.32	0.70	1.85	0.06	0.38	0.19	0	3.13	0.45	2.75	5.24	6.33	0.77	0	0.06	0.32	1.73	0.64	0	2.36	0	1.02	0.06	0.06	1.66	0	0.19	0.26	0	0.70	0	0.13	0.58	0.06	0	0.06	0.06	0.26	0.38	0.38	0	
ACA-B2K-008	2083	5.15	178	0	0	0.10	4.22	3.12	3.12	4.85	0.29	0.10	0.62	0.05	0.86	4.32	0.05	0	0.86	2.21	0.91	0	11.62	0.24	0.19	0.19	0.19	0	0.05	0	1.01	0	6.77	0.14	0.24	19.44	6.29	0.19	0	1.30	11.47	1.34	0.43	1.30	0.05	1.01	0.43	0	0.48	0	3.26	0	0	0.29	0	0.05	0.62	0.38	1.10	0.14	0.34	0.29	0	4.03	0.24	1.25	5.28	6.82	0.96	0	0.05	0.53	1.73	1.01	0	2.59	0.05	1.06	0.38	0.10	1.63	0	0.24	0.34	0.14	0.91	0	0.19	0.10	0.24	0.10	0.05	0	0.19	0.19	0.10	0.10	
ACA-B17-001	3456	4.90	236	0	0	0.29	5.44	0.20	0.20	4.57	0.55	0.12	0.95	0.12	3.13	0.81	0.29	0.17	1.10	1.07	0.46	0	7.87	0.03	0.43	0.38	0.75	0	0.75	0	1.36	0	9.17	0.03	0.09	21.30	2.92	0.14	0	1.85	11.78	1.33	0.20	1.13	0.14	1.33	0.84	0	0.95	0.09	2.92	0.12	0.55	0	0.09	0.06	0.52	0.17	1.91	0	0.78	0.23	0.03	4.83	0.29	1.68	2.98	6.89	0.90	0.35	0	1.24	2.43	0.20	0.03	1.53	0	0.32	0	0.14	1.65	0.03	0.32	0.06	0.03	0.49	0.03	0.12	0.29	0.06	0.06	0.03	0.06	0.61	0.17	0.12	0.38	
ACA-CLP-002	19577	5.16	217	0	0	0.21	2.68	0.76	0.76	4.44	0.26	0.19	0.23	0.20	2.48	1.43	0.10	0.23	0.69	1.01	0.68	0	9.76	0.24	0.69	0.55	0.19	0.14	1.25	0.01	1.26	0.03	8.05	0.11	0.27	21.00	4.57	0.13	0	1.35	12.25	0.98	0.14	1.20	0.10	1.08	0.41	0.01	0.85	0.05	3.84	0.05	0.03	0	0.17	0.06	0.19	0.22	1.57	0.12	1.23	0.01	0	3.89	0.56	2.18	3.20	6.30	0.90	0.36	0	0.77	2.19	0.26	0	1.59	0.03	0.31	0.11	0.05	1.35	0.13	0.25	0.02	0.16	0.64	0.02	0.08	0.43	0.11	0.07	0.09	0	0.70	0.23	0.34	0.24	
ACA-CLW-001	14650	5.29	241	0	0	0.74	5.00	0.85	0.85	3.57	1.00	0.14	0.63	0.10	1.93	0.87	0.05	0.19	0.57	1.00	0.39	0	8.59	0.31	0.74	0.23	0.57	0.08	0.51	0.01	1.67	0.02	8.65	0.03	0.15	23.84	4.66	0.17	0	1.57	12.93	0.96	0.16	0.59	0.74	0.92	0.48	0.01	1.00	0.05	3.29	0.05	0.01	0	0.19	0.04	0.46	0.33	1.92	0.16	1.77	0.03	0	3.41	2.13	1.95	3.26	4.40	0.64	0.39	0.03	0.44	1.63	0.16	0.01	1.29	0.03	0.87	0.18	0.16	1.33	0.05	0.48	0.05	0.17	0.46	0	0.08	0.49	0.14	0.05	0.07	0.03	0.45	0.25	0.33	0.90	
ACA-CLW-002	22803	5.36	217	0.02	0	0.60	5.65	1.21	1.21	3.58	0.83	0.24	0.57	0.07	2.19	2.51	0.13	0.10	0.77	1.04	0.52	0.01	7.65	0.29	0.66	0.21	0.22	0.27	0.47	0.00	1.16	0.01	11.05	0.02	0.10	23.19	5.50	0.15	0.00	2.05	13.38	0.71	0.18	0.44	0.53	0.82	0.18	0.01	0.78	0.01	2.85	0.04	0.00	0	0.10	0.09	0.50	0.31	1.46	0.17	1.12	0.07	0	2.55	1.43	1.53	3.29	4.98	0.78	0.25	0.01	0.32	1.46	0.21	0	1.34	0.12	0.71	0.24	0.11	1.27	0.07	0.43	0.08	0.13	0.42	0.01	0.05	0.37	0.13	0.04	0.08	0.04	0.39	0.18	0.24	0.78	
ACA-CMA-001	7108	5.30	253	0	0	0.13	7.81	0.76	0.77	3.42	1.35	0.27	0.66	0.18	2.01	2.11	0.11	0.30	0.63	1.39	0.32	0.14	7.36	0.35	0.56	0.06	0.04	0.01	0.49	0.01	2.10	0	11.00	0.01	0.13	20.74	5.44	0.37	0	1.18	13.35	1.35	0.15	0.69	0.97	0.70	0.30	0	1.44	0	3.95	0.04	0	0	0.24	0.01	0.37	0.83	0.96	0.14	2.50	0.23	0	2.18	2.45	2.55	2.98	3.43	0.06	0.15	0.03	0.72	1.52	0.30	0	0.87	0.04	0.77	0.03	0.13	1.07	0.06	0.55	0.01	0.06	0.55	0	0.13	0.37	0.08	0.11	0.01	0.03	0	0.23	0.45	0.18	
ACA-CMA-002	6291	5.09	213	0	0	0.32	3.40	1.13	1.07	3.74	0.60	0.37	0.33	0.06	2.78	2.15	0.14	0.16	0.35	0.84	0.38	0	9.25	0.19	0.65	0.21	0.49	0.08	0.49	0.02	1.11	0.06	8.81	0	0.06	23.99	4.31	0.02	0.03	0.72	15.21	1.19	0.19	0.81	0.25	0.86	0.19	0	0.95	0.02	2.65	0.10	0	0	0.13	0.03	0.38	0.45	1.41	0.16	1.16	0.35	0	2.69	2.88	1.30	3.80	3.89	0.43	0.13	0	0.37	1.45	0.21	0	1.61	0.06	0.83	0.37	0.10	1.19	0.03	0.35	0.03	0.25	0.51	0.02	0.05	0.30	0.03	0.06	0	0	0.06	0.32	0.29	0.35	
ACA-CMA-003	4883	5.44	219	0	0	0.20	5.88	1.88	1.86	3.40	0.51	0.10	0.66	0.14	1.74	2.40	0.12	0.06	0.70	0.57	0.27	0	9.05	0.25	0.82	0.25	0.27	0.20	0.14	0.02	1.39	0	12.23	0.08	0.23	23.22	5.16	0.20	0	1.02	13.78	0.59	0.31	0.76	0.14	0.51	0.29	0	0.86	0	3.40	0.10	0	0	0.16	0.04	0.43	0.45	1.31	0.08	0.49	0.04	0	2.72	1.35	1.39	3.93	3.95	0.53	0.20	0	0.39	1.41	0.45	0	1.02	0.06	1.37	0.08	0.10	1.04	0.02	0.29	0.27	0.25	0.66	0.02	0.02	0.39	0.04	0.02	0	0.02	0.16	0.27	0.29	0.25	
ACA-CMA-004	5766	5.27	218	0	0	0.12	6.10	2.15	2.15	3.28	1.18	0.26	0.42	0.29	2.51	3.26	0.16	0.24	0.90	0.68	0.36	0	6.14	0.28	0.64	0.19	0.16	0.43	0.21	0	0.78	0.02	9.56	0.02	0.23	25.79	4.35	0.47	0	0.73	13.89	0.69	0.21	0.85	0.40	1.60	0.47	0	1.02	0	3.05	0.07	0	0	0.16	0.09	0.49	0.28	1.40	0.23	0.85	0.19	0	3.82	1.08	2.01	2.08	4.63	0.55	0.07	0.02	0.55	2.08	0.16	0.03	0.88	0.03	0.26	0.31	0.14	1.79	0.02	0.24	0.09	0.03	0.54	0	0.02	0.26	0.10	0.05	0.05	0	0.09	0.26	0.38	0.14	
ACA-CMA-005	7718	5.05	217	0	0	0.13	4.78	1.01	1.01	4.59	0.47	0.35	0.26	0.06	2.05	2.29	0.14	0.36	0.71	1.15	0.36	0	9.51	0.30	0.52	0.06	0.86	0.03	0.82	0.01	1.40	0.06	8.20	0	0.27	19.12	3.58	0.18	0	0.70	12.04	1.35	0.26	1.26	0.21	1.37	0.56	0	1.14	0.17	4.17	0.12	0.04	0	0.08	0.09	0.44	0.44	1.62	0.13	1.19	0.31	0	4.20	1.93	1.76	4.35	5.40	0.52	0.61	0	0.84	2.23	0.31	0	2.02	0.06	0.97	0.23	0	1.94	0.18	0.71	0.06	0.13	0.65	0	0.04	0.44	0.22	0.10	0.04	0.09	0.35	0.31	0.13	0.16	
ACA-CMA-006	2807	5.25	227	0	0	0.32	5.20	0.64	0.64	3.81	1.21	0.39	0.78	0.14	1.71	2.14	0.04	0.25	0.68	1.03	0.36	0.04	10.08	0.25	0.82	0.11	0.75	0.04	0.57	0	1.18	0	11.76	0	0.11	21.62	4.06	0.14	0.04	1.07	13.00	0.71	0.21	0.78	0.04	0.50	0.36	0	1.00	0	3.28	0.04	0	0	0.21	0.11	0.32	0.43	1.82	0.18	0.78	0.14	0	3.49	1.00	1.03	3.71	5.17	0.53	0.25	0	0.36	1.18	0.29	0.04	1.57	0.07	0.93	0.29	0.07	1.39	0.04	0.29	0.21	0.07	0.78	0	0.07	0.36	0.04	0	0.04	0.07	0.07	0.18	0.18	0.36	
ACA-CMA-007	4766	4.92	217	0	0	0.65	6.21	0.69	0.69	3.25	0.90	0.42	0.92	0.06	1.89	0.71	0.08	0.36	0.59	1.95	0.94	0	8.39	0.44	0.78	0.73	0.94	0.08	0.23	0.04	1.49	0.04	10.28	0.21	0.36	15.61	4.89	0.19	0	0.57	11.92	1.74	0.15	1.47	0.19	0.86	0.82	0	1.55	0.08	3.92	0.19	0	0	0.29	0.06	0.73	0.29	1.85	0.31	0.78	0.21	0	4.60	0.55	1.30	2.92	6.61	1.55	0.48	0	1.15	2.16	0.21	0	1.13	0.06	0.38	0.44	0.06	1.34	0.04	0.57	0.19	0.15	0.65	0	0.10	0.42	0	0.06	0.06	0.08	0.65	0.21	0.13	0.69	
ACA-CRS-001	6284	5.31	196	0	0	0.24	3.72	0.19	0.19	4.17	0.33	0.22	0.43	0.10	2.34	1.65	0.06	0.10	0.30	0.80	0.45	0	8.85	0.11	0.45	0.18	0.21	0.02	0.57	0	1.34	0.03	7.62	0	0.08	26.59	5.39	0.08	0	1.72	13.18	0.68	0.10	0.32	0.70	0.70	0.45	0	1.18	0.06	1.91	0.22	0	0	0.14	0.08	0.30	0.45	2.40	0.13	1.45	0.05	0	3.42	4.79	1.77	3.66	1.50	0.32	0.29	0.03	0.37	1.02	0.21	0.05	1.65	0.11	0.48	0.05	0.16	0.95	0	0.35	0.10	0	0.35	0	0	0.40	0.08	0	0.06	0.02	0.30	0.25	0.30	0.37	
ACA-CRS-002	13431	5.14	203	0	0	0.91	3.91	0.50	0.50	4.23	0.66	0.12	0.36	0.16	2.25	1.26	0.08	0.17	0.41	0.86	0.39	0.03	8.18	0.17	0.46	0.25	1.47	0.06	1.09	0	1.47	0.04	7.99	0.01	0.15	21.39	5.76	0.14	0.01	1.69	12.86	0.71	0.12	0.68	0.51	0.98	0.31	0	1.12	0.11	2.58	0.14	0.05	0	0.07	0.05	0.31	0.39	2.07	0.13	2.56	0.09	0.01	3.62	2.01	2.46	2.99	5.15	0.64	0.45	0.02	0.65	1.82	0.16	0.22	1.06	0.06	0.78	0.22	0.17	1.38	0.10	0.41	0.09	0.11	0.38	0.01	0.06	0.36	0.24	0.04	0.07	0.01	0.45	0.17	0.31	1.09	
ACA-CRS-003	19527	4.63	194	0.01	0	0.94	3.98	0.35	0.35	4.50	1.08	0.25	0.67	0.16	2.06	0.97	0.07	0.26	0.39	0.98	0.55	0.04	8.26	0.15	0.53	0.22	2.45	0.04	0.55	0.03	1.71	0.10	5.35	0.02	0.21	19.98	2.48	0.17	0	0.93	10.25	1.24	0.27	0.72	0.96	0.97	0.60	0.01	0.88	0.24	3.21	0.16	0.49	0	0.16	0.05	0.67	0.43	2.33	0.19	5.11	0.11	0.04	4.52	6.34	2.19	3.11	3.68	0.36	0.67	0.03	1.01	1.93	0.18	0.83	1.17	0.03	1.04	0.13	0.16	2.15	0.14	1.12	0.06	0.25	0.41	0.01	0.11	0.58	0.43	0.15	0.06	0.04	0.25	0.14	0.23	1.13	
ACA-CTY-001	9077	5.19	231	0	0	1.04	6.39	0.37	0.37	3.12	1.21	0.19	0.56	0.07	1.89	0.67	0.17	0.30	0.67	0.94	0.69	0	11.44	0.29	0.47	0.12	0.39	0.02	0.28	0.01	1.89	0.07	9.16	0.01	0.13	20.55	4.63	0.24	0.01	0.93	13.96	2.48	0.19	0.83	0.94	0.35	0.15	0.01	0.79	0.13	3.66	0.09	0.06	0	0.20	0.04	0.36	0.20	1.27	0.20	1.24	0.23	0	2.68	1.16	1.70	2.86	5.72	1.15	0.35	0.07	0.73	1.38	0.11	0.03	1.10	0.07	0.84	0.47	0.25	0.86	0.03	0.76	0.22	0.09	0.61	0	0.08	0.32	0.04	0.04	0.14	0.10	0.35	0.10	0.11	1.31	
ACA-CTY-002	3206	5.24	218	0	0	0.94	6.14	0.44	0.44	3.24	0.84	0.19	0.44	0	1.75	0.72	0.03	0.31	0.72	1.19	0.44	0	10.39	0.34	0.84	0.12	0.25	0	0.56	0	2.21	0.03	8.80	0	0.25	20.71	4.71	0.16	0	0.81	13.38	2.53	0.25	0.97	0.90	0.62	0.41	0	1.09	0.09	3.68	0.19	0	0	0.34	0	0.59	0.53	1.47	0.31	0.90	0.28	0	3.18	2.31	1.75	2.78	4.02	0.87	0.44	0.09	0.53	1.56	0.16	0	1.00	0.06	0.90	0.31	0.31	1.09	0.03	1.00	0.19	0.06	0.87	0	0.09	0.37	0.19	0.06	0.03	0.06	0.37	0.09	0.12	1.06	
ACA-CTY-003	9527	5.12	186	0	0	0.92	5.96	0.72	0.72	3.10	1.18	0.18	0.47	0.07	1.77	1.36	0.10	0.45	0.91	0.91	0.52	0.01	10.05	0.43	0.46	0.19	0.68	0.09	0.45	0	1.70	0.05	8.50	0	0.31	18.86	5.06	0.33	0.02	0.61	12.93	2.44	0.14	0.90	1.07	0.49	0.19	0	1.10	0.09	3.97	0.23	0	0	0.27	0.05	0.62	0.30	1.69	0.38	2.28	0.22	0	3.37	1.75	1.78	2.36	5.71	0.93	0.24	0.04	0.60	1.52	0.14	0.02	0.86	0.06	0.78	0.25	0.17	1.47	0.03	0.80	0.17	0.20	0.69	0	0.05	0.46	0.10	0.15	0.14	0.09	0.31	0.13	0.08	1.12	
ACA-CTY-004	9529	5.24	198	0	0	1.05	5.92	0.31	0.31	3.00	1.12	0.14	0.51	0.12	1.51	0.79	0.14	0.37	0.91	1.14	0.52	0.02	10.45	0.23	0.42	0.20	0.37	0.10	0.29	0.01	1.74	0.02	8.88	0	0.20	20.16	4.94	0.18	0.02	0.87	14.16	2.28	0.09	0.90	0.92	0.50	0.34	0	1.03	0.04	3.37	0.10	0.06	0	0.28	0.03	0.70	0.33	1.51	0.18	1.42	0.23	0	3.11	1.75	1.28	2.77	5.45	1.15	0.25	0.08	0.76	1.44	0.16	0	1.29	0.03	0.70	0.46	0.15	1.42	0.08	0.72	0.20	0.13	0.72	0	0.05	0.45	0.16	0.09	0.21	0.03	0.26	0.16	0.12	1.21	
ACA-CTY-005	10254	5.21	208	0	0	0.67	5.94	0.30	0.30	2.81	1.36	0.17	0.58	0.12	1.76	0.34	0.08	0.20	0.96	1.01	0.66	0.03	10.43	0.33	0.60	0.12	0.37	0.06	0.36	0.01	2.08	0.03	8.92	0.01	0.16	20.01	5.06	0.28	0.01	0.93	13.51	2.34	0.23	0.87	0.91	0.52	0.22	0	0.72	0.09	3.26	0.11	0.04	0	0.22	0.03	0.52	0.39	1.66	0.31	2.28	0.23	0	3.16	1.13	1.80	2.49	5.64	1.04	0.38	0.01	0.66	1.60	0.12	0	1.23	0.05	0.55	0.47	0.14	1.15	0.07	0.74	0.18	0.09	0.59	0	0.02	0.44	0.09	0.05	0.09	0.02	0.24	0.08	0.10	0.77	
ACA-EA7-001	8186	4.96	230	0.01	0	0.06	6.32	0.37	0.37	3.44	1.31	0.12	0.79	0.12	1.55	0.89	0.22	0.15	0.45	0.77	0.33	0	10.00	0.21	0.57	0.33	0.17	0.23	0.42	0	1.65	0.04	7.31	0.01	0.17	26.13	2.60	0.10	0	0.87	14.60	1.12	0.34	0.76	1.06	0.73	0.17	0.01	0.73	0.04	3.26	0.10	0.04	0	0.06	0.07	0.29	0.46	1.47	0.20	3.74	0.07	0	2.65	5.86	1.28	3.13	0.81	0.40	0.46	0.07	0.39	1.40	0.17	0	1.03	0.10	0.73	0.16	0.09	1.15	0.09	0.35	0.09	0.06	0.55	0	0.05	0.42	0.09	0	0.10	0.04	0.21	0.31	0.09	0.10	
ACA-EA7-002	3468	5.02	232	0	0	0.09	5.16	0.20	0.20	3.72	1.18	0.17	0.52	0.06	1.38	0.95	0.12	0.17	0.32	0.69	0.40	0.03	11.16	0.20	0.55	0.23	0	0.29	0.40	0	1.61	0.06	9.83	0	0.17	25.29	2.88	0.20	0.03	0.66	14.45	1.61	0.29	0.49	1.18	0.40	0.09	0	0.78	0	2.83	0.14	0	0	0.09	0.03	0.17	0.81	1.44	0.20	2.91	0.12	0	2.13	4.90	1.41	3.60	1.47	0.35	0.29	0.06	0.23	1.15	0.29	0	0.87	0.09	0.92	0.12	0.17	0.92	0.03	0.89	0.09	0.12	0.63	0	0.03	0.29	0.12	0.03	0.06	0	0.09	0.35	0.06	0.09	
ACA-EA7-003	13395	4.98	218	0	0	0.07	5.99	0.22	0.22	3.31	1.58	0.10	0.84	0.06	1.48	0.98	0.16	0.16	0.38	0.72	0.40	0.02	10.85	0.25	0.36	0.12	0.18	0.14	0.34	0	1.58	0.02	8.25	0.01	0.11	26.11	2.99	0.13	0.01	0.69	14.59	1.11	0.40	0.54	1.16	0.65	0.19	0.01	0.71	0.01	2.65	0.10	0.04	0.01	0.21	0.07	0.22	0.46	1.63	0.16	3.63	0.07	0	2.54	6.25	1.38	2.81	0.56	0.53	0.32	0.07	0.39	1.41	0.16	0	0.98	0.14	0.62	0.22	0.12	0.90	0.05	0.54	0.10	0.07	0.33	0	0.04	0.36	0.07	0.01	0.05	0.01	0.24	0.20	0.08	0.10	
ACA-ECV-001	9369	5.26	205	0	0	0.51	6.05	1.01	1.02	3.55	0.84	0.11	1.07	0.07	2.05	1.43	0.10	0.13	0.64	1.33	0.45	0.01	8.81	0.16	0.44	0.18	0.37	0.17	0.37	0	1.57	0.03	8.83	0.01	0.22	21.84	4.47	0.19	0.01	1.62	13.08	1.25	0.09	0.72	0.89	0.86	0.32	0.01	0.77	0.07	2.96	0.06	0	0	0.11	0.03	0.76	0.21	1.61	0.20	1.72	0.25	0	3.33	0.56	1.91	3.16	6.79	0.95	0.48	0.02	0.62	1.75	0.30	0.01	1.40	0.07	0.72	0.27	0.23	1.63	0.04	1.01	0.15	0.12	0.48	0	0.13	0.42	0.16	0.11	0.05	0.01	0.42	0.19	0.17	0.60	
ACA-ECV-002	5162	4.79	212	0	0	0.37	4.96	0.27	0.27	4.46	0.87	0.39	0.76	0.29	1.74	0.83	0.04	0.19	0.64	1.80	0.81	0.04	7.05	0.35	0.77	0.25	1.94	0	0.50	0.02	2.09	0.10	9.36	0.02	0.31	17.28	3.04	0.21	0	0.46	11.62	1.82	0.35	0.85	0.41	1.07	0.31	0	1.39	0.19	5.21	0.10	0.04	0	0.25	0.14	0.33	0.43	2.25	0.15	1.80	0.04	0	4.30	1.38	1.92	3.20	6.41	1.07	0.60	0	1.20	2.38	0.06	0	1.18	0.06	1.07	0.23	0.08	1.74	0.17	0.60	0.12	0.10	0.79	0	0.10	0.37	0.10	0.15	0.14	0.08	0.50	0.10	0.14	0.33	
ACA-ECV-003	5438	4.98	206	0	0	0.29	6.86	0.33	0.33	3.68	1.66	0.11	0.75	0.07	2.30	0.81	0.02	0.31	0.50	1.58	0.79	0	8.31	0.18	0.61	0.31	0.72	0.13	0.37	0.02	1.99	0.04	9.73	0.02	0.44	20.36	4.54	0.13	0	1.51	12.71	1.42	0.22	0.79	1.18	0.81	0.31	0	0.74	0.06	3.49	0.04	0.02	0	0.18	0.02	0.48	0.22	1.53	0.13	2.48	0.29	0	3.27	1.27	1.51	2.72	6.18	0.83	0.68	0.09	0.57	1.64	0.26	0.06	1.29	0.13	0.51	0.35	0.18	1.38	0.11	0.63	0.18	0.07	0.40	0	0.15	0.42	0.07	0.06	0.07	0.06	0.33	0.07	0.17	0.37	
ACA-ECV-004	5172	4.64	200	0	0	0.60	8.04	0.54	0.54	4.49	1.18	0.19	0.62	0.15	1.30	1.28	0.15	0.44	1.01	0.97	0.60	0	10.15	0.52	0.54	0.25	1.84	0.14	0.35	0	2.38	0.08	4.91	0.02	0.46	20.46	2.98	0.15	0	0.75	11.85	1.24	0.35	0.77	1.14	1.08	0.52	0	0.73	0.41	3.15	0.27	0.10	0	0.27	0.02	0.54	0.33	2.13	0.19	3.34	0.10	0	4.14	0.81	2.01	2.75	7.44	0.27	0.99	0.04	0.93	1.78	0.17	0.04	1.57	0.02	0.50	0.19	0.14	0.95	0.12	1.16	0	0.17	0.33	0	0.04	0.41	0.17	0.08	0.10	0.08	0.35	0.10	0.21	0.72	
ACA-ECV-005	6923	4.71	223	0	0	0.29	4.52	0.62	0.62	4.28	1.07	0.29	0.45	0.19	2.25	0.87	0.14	0.51	0.39	1.39	0.82	0.09	7.25	0.35	0.71	0.17	1.85	0.19	0.22	0.07	1.68	0.04	6.43	0.04	0.51	16.90	3.94	0.17	0.01	0.84	10.41	1.49	0.10	1.00	0.66	1.26	0.52	0	0.97	0.19	3.97	0.07	0.35	0	0.42	0.04	0.66	0.17	2.57	0.26	4.19	0.04	0.04	5.26	0.65	2.11	2.15	8.57	0.79	0.82	0.01	1.79	2.56	0.04	0.16	1.29	0.04	0.38	0.12	0.19	1.49	0.14	1.08	0	0.16	0.46	0	0.07	0.56	0.23	0.10	0.36	0.10	0.29	0.10	0.09	0.38	
ACA-ECV-006	6966	4.81	179	0	0	1.79	6.46	0.66	0.66	3.63	0.56	0.17	1.48	0.10	2.66	1.02	0.04	0.19	0.56	1.13	0.85	0.06	7.67	0.33	0.50	0.30	1.16	0.09	0.52	0.03	2.27	0.03	7.15	0	0.34	19.37	3.37	0.14	0	1.38	12.26	1.21	0.23	1.12	1.05	1.28	0.37	0.11	1.13	0.13	3.20	0.01	0.06	0	0.22	0.07	0.59	0.13	2.07	0.24	2.34	0.16	0	4.38	1.15	1.51	2.91	6.79	1.39	0.70	0.07	0.92	2.21	0.07	0.09	1.26	0.04	1.03	0.56	0.09	1.89	0.10	0.70	0.19	0.29	0.60	0	0.06	0.32	0.13	0.09	0.10	0.07	0.47	0.09	0.07	2.07	
ACA-ECV-007	314	4.98	179	0	0	0	10.83	1.27	1.27	4.14	1.59	0.32	0.64	0.32	1.91	5.41	0	0	0.32	1.59	0.32	0	7.64	0.32	0.32	0	2.23	0.32	0	0	2.55	0	5.41	0	0.32	26.75	2.55	0	0	0.64	11.46	1.59	0	0	0.96	0.64	0.96	0	0	0	3.82	0	0	0	0	0	0	0	2.23	0.32	1.59	0	0	4.14	0	0.64	3.82	6.05	0.64	0.64	0.32	1.27	0.64	0	0.32	1.27	0	1.91	0.64	0	0.64	0	0	0	0	1.27	0	0	0	0	0	0	0	0.32	0	0	0	
ACA-EW1-001	19860	4.71	217	0.05	0.04	0.42	3.84	0.18	0.19	3.28	1.17	0.21	0.80	0.13	2.30	2.10	0.12	0.27	0.23	0.70	0.44	0.01	10.59	0.45	0.56	0.22	0.55	0.03	0.32	0	1.64	0.02	6.40	0	0.16	23.63	3.13	0.13	0.01	0.60	12.56	1.20	0.26	0.63	0.48	0.83	0.66	0	1.06	0.08	3.10	0.20	0.20	0.01	0.30	0.06	0.38	0.28	1.91	0.27	2.89	0.27	0.01	3.56	6.41	1.14	3.23	1.27	0.18	0.44	0.05	0.62	1.94	0.23	0.01	1.34	0.04	1.01	0.11	0.07	1.20	0.12	0.55	0.04	0.07	0.53	0	0.03	0.38	0.13	0.03	0.03	0.01	0.22	0.14	0.09	0.49	
ACA-EW1-002	21126	4.75	199	0.00	0.00	0.28	3.92	0.15	0.15	3.69	1.06	0.16	0.99	0.14	2.10	2.12	0.12	0.18	0.23	0.61	0.36	0.02	10.97	0.46	0.55	0.33	0.53	0.00	0.40	0.01	1.80	0.03	5.98	0.02	0.21	22.91	4.13	0.15	0.03	0.62	13.20	1.27	0.18	0.63	0.50	0.64	0.70	0.00	1.05	0.10	3.01	0.23	0.09	0.00	0.32	0.05	0.37	0.39	1.78	0.26	2.20	0.24	0.00	3.46	6.61	1.06	3.57	0.91	0.25	0.39	0.01	0.60	1.51	0.25	0.01	1.42	0.02	1.17	0.10	0.10	1.11	0.15	0.43	0.04	0.09	0.56	0	0.03	0.45	0.09	0.08	0.04	0.02	0.21	0.12	0.09	0.35	
ACA-EWW-001	999	4.85	219	0	0	0.20	8.01	0.90	0.90	3.80	1.10	0.30	1.20	0	2.40	2.10	0.10	0.10	0.40	0.70	0.50	0	6.91	0.30	0.60	0	0.80	0	0.60	0	1.90	0.10	6.01	0	0.20	25.33	2.40	0.20	0	1.70	12.01	0.80	0.20	0.50	0.40	1.00	0.20	0	1.90	0.10	3.20	0.10	0	0	0	0	0.30	0.30	1.60	0.10	6.31	0	0	2.50	7.41	1.40	2.60	0.60	0.70	0.10	0.20	0.50	2.30	0	0	0.90	0.10	0.90	0.40	0.10	0.80	0.30	1.10	0	0	0.40	0	0	0.40	0.10	0	0	0	0.20	0	0.20	0.20	
ACA-EWW-002	708	5.35	189	0	0	0.56	4.38	0	0	5.08	0.56	0	0.42	0	1.69	1.69	0.14	0	0.28	0.71	0.14	0	10.59	0.14	0.28	0	0	0	0.71	0	0.71	0	10.59	0	0	26.69	5.08	0	0	1.55	17.37	0.14	0	0.28	0.42	0.28	0.42	0	0.85	0	1.41	0.14	0	0	0.14	0	0	0.14	0.42	0	0.14	0	0	1.13	0.14	1.13	7.06	6.21	0.99	0.14	0	0	0.85	0.42	0	4.66	0	0	0.28	0.14	0.28	0	0	0.28	0.14	0.42	0	0	0	0	0	0.14	0	0.28	0.85	0.28	0.56	
ACA-EWW-003	14647	4.32	158	0	0.01	0.02	6.66	2.74	2.69	3.78	2.39	0.04	1.04	0.01	1.70	3.15	0.03	1.00	1.37	1.09	0.66	0.16	10.37	0.29	0.33	0.12	2.66	0.91	0.07	0	1.09	0.01	7.65	0.42	0.27	19.94	3.00	0.92	0.01	0.66	10.60	1.21	0.16	1.23	0.12	1.64	0.42	0.13	0.98	0	4.16	0.05	0	1.24	0.05	0.05	0.41	0.42	0.84	0.05	0.24	0.01	0	4.13	0.15	1.04	2.25	7.77	0.61	0.01	0	0.45	3.26	0.28	0	1.13	0.07	0.29	0.18	0.12	1.43	0.05	0.83	0.21	0.04	0.54	0	0.33	0.21	0.21	0.02	0.01	0.01	0.13	0.12	0.31	0.02	
ACA-EWW-004	21167	4.39	212	0	0.01	0.06	7.78	2.74	2.75	4.03	1.96	0.19	0.91	0.02	1.52	5.02	0.08	0.84	1.40	1.15	0.78	0.09	9.53	0.28	0.32	0.12	3.53	0.51	0.09	0	1.18	0.01	6.61	0.60	0.24	16.64	3.67	0.56	0	0.51	10.89	1.17	0.23	1.07	0.07	1.42	0.35	0.07	0.83	0	4.51	0.07	0	0.80	0.08	0.06	0.39	0.72	1.50	0.04	0.24	0.01	0	4.34	0.24	1.20	3.03	8.68	0.65	0.04	0	0.44	2.57	0.21	0	1.60	0.05	0.41	0.19	0.19	2.08	0.05	0.70	0.21	0.07	0.58	0.00	0.31	0.44	0.32	0.08	0.02	0.02	0.13	0.12	0.15	0.07	
ACA-F9V-001	9209	5.05	207	0	0	1.02	6.00	1.14	1.13	3.52	0.88	0.26	0.56	0.08	1.60	1.77	0.07	0.34	0.65	0.93	0.48	0.03	9.99	0.20	0.47	0.22	1.22	0.14	0.65	0.02	1.55	0.01	7.60	0.05	0.23	21.11	3.31	0.28	0.02	0.72	12.11	1.17	0.15	0.69	0.74	0.83	0.65	0.01	0.89	0.07	3.82	0.09	0.20	0.03	0.15	0.07	0.39	0.15	1.92	0.22	1.99	0.08	0.03	3.92	0.67	1.76	3.93	6.84	1.10	0.66	0.05	0.50	1.57	0.23	0.16	1.41	0.08	0.47	0.17	0.13	1.43	0.09	1.44	0.11	0.23	0.64	0	0.16	0.42	0.20	0.14	0.17	0.05	0.67	0.25	0.27	1.39	
ACA-FC1-001	2329	4.60	177	0.13	0	0.43	4.59	2.36	2.36	2.92	1.16	0.09	0.43	0.26	1.29	6.78	0.13	0.04	0.52	1.25	0.64	0	11.42	0.30	0.21	0.60	0.26	0.60	0.73	0	1.89	0.04	3.78	0.13	0.21	21.68	5.84	0.21	0	0.34	14.00	0.86	0	0.60	0.21	0.30	0.21	0	0.69	0.04	1.67	0.04	0	0	0.43	0.04	0.99	0.34	1.50	0.30	1.20	0	0	2.71	4.72	1.46	3.56	2.10	1.25	0.21	0	0.90	1.07	0.30	0	1.50	0.09	1.03	0.30	0.30	1.20	0	0.47	0.17	0.13	0.39	0	0.04	0.56	0.21	0	0.09	0	0.39	0.26	0.30	0.52	
ACA-F9V-002	15044	4.78	177	0	0	0.70	5.42	1.65	1.64	3.76	1.14	0.13	0.44	0.07	1.64	1.95	0.01	0.29	0.54	1.11	0.40	0.02	10.93	0.25	0.51	0.17	1.87	0.31	0.49	0.03	1.57	0.01	6.47	0.05	0.27	20.84	2.93	0.11	0.01	0.58	12.21	0.92	0.15	0.88	0.58	0.96	0.84	0	0.74	0.10	2.91	0.07	0.55	0.03	0.06	0.07	0.62	0.43	2.02	0.17	1.88	0.01	0.05	4.77	1.22	1.85	2.91	6.63	1.22	0.74	0.01	0.73	1.78	0.13	0.27	1.33	0.14	0.54	0.29	0.13	1.88	0.07	0.91	0.19	0.21	0.42	0	0.11	0.57	0.23	0.17	0.16	0.04	0.62	0.19	0.18	0.80	
ACA-F9V-003	14189	4.81	197	0	0.03	1.40	5.55	1.42	1.42	3.59	1.16	0.13	0.52	0.13	1.73	2.36	0.10	0.27	0.49	1.22	0.62	0.01	9.85	0.18	0.58	0.47	1.84	0.23	0.41	0.03	2.22	0.04	6.36	0.07	0.30	20.74	3.54	0.11	0	0.33	11.65	1.01	0.15	1.09	0.87	0.68	0.67	0.01	1.06	0.09	3.76	0.13	0.23	0.01	0.10	0.03	0.37	0.36	1.59	0.13	1.83	0.04	0.17	4.21	1.35	2.46	3.18	6.18	0.80	0.83	0.01	0.63	1.44	0.13	0.42	1.40	0.09	0.56	0.19	0.20	1.31	0.11	0.89	0.11	0.20	0.55	0	0.08	0.51	0.21	0.13	0.13	0.11	0.32	0.21	0.23	1.71	
ACA-F98-001	5600	5.06	209	0	0	0.23	5.32	0.45	0.55	3.82	0.91	0.04	0.73	0.13	1.64	1.59	0.04	0.21	0.30	0.82	0.25	0	10.45	0.29	0.89	0.29	0.61	0.14	0.79	0	1.04	0	8.66	0.09	0.07	25.46	3.30	0.05	0	0.82	14.29	0.82	0.07	0.88	0.30	0.73	0.54	0.05	1.07	0.04	2.48	0.13	0.11	0	0.32	0.02	0.36	0.45	2.13	0.14	1.07	0.04	0	3.86	1.41	1.00	3.21	4.13	0.82	0.29	0.05	0.59	1.75	0.11	0	0.98	0.05	0.98	0.13	0.09	1.05	0.13	0.41	0.13	0.13	0.48	0.02	0.11	0.18	0.13	0.11	0.13	0.04	0.57	0.32	0.16	0.25	
ACA-FEF-001	971	4.81	206	0	0	0	5.36	1.24	1.24	5.05	1.65	0.10	1.34	0	1.65	2.06	0.10	0.41	0.21	0.62	0.31	0	10.09	0.10	0.72	0.10	2.47	0.31	0	0	1.44	0	8.55	0.21	0.62	18.54	5.77	0.10	0.10	0.41	10.61	0.62	0.41	0.93	1.24	0.62	1.54	0.10	1.34	0.10	4.12	0.10	0.62	0	0.51	0.10	0.51	0.51	1.54	0	1.65	0	0	4.94	1.65	1.85	2.06	5.15	0.21	0.31	0	1.44	1.96	0.21	0.31	1.03	0.10	0.41	0.10	0.21	1.96	0.31	0.62	0	0.10	0.72	0.10	0.10	0.41	0.10	0	0	0.31	0.10	0.10	0.21	0	
ACA-FEF-002	9327	4.51	194	0	0.01	0.14	3.12	1.69	1.74	6.40	0.60	0.19	0.63	0.06	1.38	3.61	0.04	0.45	0.59	0.57	0.49	0.08	12.51	0.21	0.53	0.35	2.80	0.25	0.08	0	1.52	0.02	7.19	0.12	0.19	21.40	2.77	0.25	0.01	0.36	11.60	0.77	0.55	1.04	0.30	0.96	0.92	0.01	0.88	0.12	3.47	0.05	0.56	0.71	0.18	0.05	0.38	0.50	1.18	0.15	0.27	0.12	0.05	4.37	0.50	1.82	2.39	6.40	0.30	0.21	0	0.50	2.17	0.23	0.11	0.92	0.03	0.48	0.13	0.27	1.74	0.09	0.31	0.11	0.04	0.60	0	0.16	0.29	0.10	0.03	0	0.11	0.02	0.19	0.29	0.09	
ACA-FEF-003	7683	4.53	186	0	0	0.12	3.51	2.29	2.29	5.44	0.43	0.14	0.64	0.17	1.39	3.29	0.05	0.44	0.61	0.61	0.39	0.08	13.32	0.29	0.56	0.40	2.54	0.34	0.09	0.01	1.29	0.07	8.69	0.04	0.22	20.24	3.58	0.22	0	0.22	11.34	0.94	0.68	1.12	0.30	1.03	0.96	0.01	0.87	0.03	3.06	0.05	0.18	0.65	0.17	0.01	0.49	0.34	1.20	0.20	0.20	0.07	0.01	4.13	0.39	1.86	2.46	6.31	0.36	0.09	0	0.61	2.11	0.18	0.08	1.31	0.04	0.22	0.13	0.36	1.39	0.09	0.42	0.10	0.07	0.48	0	0.12	0.31	0.07	0.01	0.03	0.07	0.09	0.20	0.26	0.07	
ACA-FEF-004	7714	4.47	189	0	0	0.18	2.76	2.20	2.20	5.87	0.29	0.16	0.61	0.17	1.41	3.79	0.05	0.52	0.61	0.58	0.41	0.03	13.30	0.14	0.16	0.26	2.16	0.17	0.09	0	1.59	0.05	8.49	0.05	0.38	20.24	3.16	0.23	0	0.41	10.93	0.99	0.45	1.00	0.26	1.00	1.01	0.03	0.69	0.08	3.28	0.09	0.26	0.65	0.16	0.05	0.34	0.51	0.97	0.17	0.21	0.04	0.03	4.72	0.34	2.27	2.96	6.00	0.27	0.29	0	0.54	2.07	0.23	0.08	1.21	0.04	0.19	0.08	0.30	1.75	0.08	0.44	0.09	0.09	0.48	0	0.05	0.67	0.13	0.08	0.01	0.25	0.06	0.60	0.47	0.17	
ACA-FPG-001	18004	4.62	175	0	0	0.15	4.67	0.60	0.62	4.33	1.11	0.31	0.86	0.11	1.38	3.95	0.07	0.63	0.57	1.16	1.13	0.01	10.07	0.31	0.47	0.24	0.28	0.15	0.59	0.01	1.22	0.01	6.48	0.04	0.24	22.10	2.82	0.12	0.03	0.44	12.36	0.93	0.18	1.11	0.08	1.04	1.32	0	1.27	0.01	2.98	0.17	0.06	0.05	0.20	0.07	0.28	0.22	1.61	0.14	0.42	0.34	0	4.78	0.46	2.12	5.00	5.87	0.34	0.06	0	0.57	1.76	0.20	0	2.95	0.08	0.39	0.18	0.18	1.56	0.02	0.31	0.11	0.03	0.46	0.01	0.04	0.57	0.12	0.09	0	0.05	0.03	0.41	0.37	0.17	
ACA-FPG-002	15750	4.65	192	0	0	0.08	3.91	0.50	0.59	4.55	0.94	0.31	0.65	0.11	1.50	2.88	0.09	0.67	0.57	1.10	1.11	0	10.24	0.28	0.65	0.30	0.14	0.10	0.78	0	1.37	0.03	6.84	0.16	0.21	23.79	2.68	0.20	0.11	0.35	11.37	0.95	0.19	0.77	0.21	1.23	1.44	0	1.28	0.01	2.95	0.21	0.02	0.06	0.14	0.05	0.32	0.19	1.63	0.04	0.48	0.29	0	4.52	0.69	1.35	5.10	6.17	0.37	0.04	0.01	0.56	2.08	0.14	0	2.93	0.06	0.36	0.19	0.19	1.42	0.04	0.42	0.12	0.03	0.44	0	0.04	0.85	0.13	0.05	0.01	0.02	0.04	0.36	0.20	0.10	
ACA-FPG-003	4352	4.73	213	0	0	0.16	4.07	0.18	0.18	4.39	0.78	0.53	0.60	0.18	1.61	2.39	0.07	0.55	0.71	1.15	0.74	0	10.66	0.41	0.48	0.23	0	0.14	0.34	0	1.22	0	8.34	0	0.11	23.07	2.80	0.16	0.02	0.55	11.63	0.76	0.23	1.03	0.05	1.26	0.71	0	1.98	0	2.53	0.23	0.16	0	0.07	0.05	0.28	0.25	1.84	0.02	0.46	0.46	0	3.88	0.76	1.52	4.73	6.25	0.62	0.28	0	0.53	1.98	0.25	0	2.71	0.02	0.32	0.30	0.16	1.24	0.02	0.37	0.23	0.02	0.39	0	0.09	0.83	0.09	0.11	0	0.09	0.18	0.62	0.21	0.16	
ACA-FSS-001	12630	4.69	188	0.02	0	0.67	3.90	0.51	0.51	3.31	0.46	0.12	0.43	0.16	3.48	0.70	0.15	0.46	0.51	0.89	0.40	0.01	11.57	0.23	0.32	0.44	0.17	0.22	0.32	0.01	1.67	0.04	6.09	0.07	0.36	22.80	3.68	0.06	0.03	0.46	13.71	1.81	0.13	0.71	0.62	1.17	0.48	0	0.84	0.11	2.44	0.09	0	0	0.46	0.10	0.60	0.25	1.32	0.28	1.79	0.06	0	3.07	2.96	1.20	3.74	4.24	0.71	0.37	0.07	1.05	2.03	0.40	0	1.47	0.03	0.97	0.20	0.06	1.29	0.11	0.34	0.08	0.21	0.38	0	0.04	0.31	0.11	0.03	0.13	0	0.42	0.35	0.25	0.70	
ACA-FSS-002	3754	4.47	197	0	0	0.67	4.00	1.36	1.36	2.61	1.09	0.08	0.29	0.11	3.25	0.99	0.16	0.93	0.61	1.33	0.37	0	11.48	0.27	0.29	0.48	0.08	0.27	0.24	0	1.33	0	5.01	0.11	0.24	22.78	2.80	0.21	0	0.29	14.44	1.94	0.11	0.77	0.40	1.44	0.48	0	1.15	0.05	2.77	0.05	0.13	0	0.45	0	0.53	0.19	1.49	0.27	1.49	0.03	0	3.22	2.16	1.76	3.46	5.17	0.59	0.43	0.05	1.15	2.77	0.43	0	1.52	0.08	0.64	0.29	0.03	1.17	0.16	0.11	0.11	0.05	0.35	0	0.03	0.16	0.03	0	0.11	0	0.32	0.40	0.43	0.72	
ACA-FSS-003	10646	4.52	196	0.07	0.01	0.31	3.77	0.84	0.84	3.29	0.53	0.10	0.36	0.12	2.74	0.75	0.18	0.70	0.52	0.85	0.39	0	11.86	0.35	0.29	0.36	0.22	0.13	0.14	0.01	1.40	0.06	4.71	0.18	0.37	23.62	2.50	0.19	0	0.35	13.76	1.37	0.11	1.01	0.91	0.96	0.43	0.01	0.85	0.09	3.05	0.15	0.10	0	0.51	0.04	0.49	0.21	1.97	0.26	2.56	0.03	0	3.90	2.58	1.55	3.17	4.87	0.54	0.51	0.04	1.05	1.97	0.24	0	1.57	0.03	0.71	0.18	0.09	0.89	0.17	0.45	0.09	0.15	0.46	0	0.03	0.38	0.16	0.05	0.08	0	0.39	0.21	0.24	0.32	
ACA-FSS-004	15744	4.65	200	0.03	0.01	0.64	3.61	0.65	0.65	2.92	0.28	0.08	0.30	0.15	2.70	1.05	0.21	0.63	0.60	0.90	0.46	0	11.19	0.24	0.35	0.43	0.23	0.12	0.22	0	1.07	0.02	5.20	0.10	0.39	22.68	4.31	0.23	0.01	0.46	13.69	1.56	0.10	0.91	0.64	1.14	0.55	0.01	0.68	0.06	2.79	0.05	0.01	0	0.41	0.15	0.58	0.18	2.25	0.32	1.68	0.03	0	4.31	2.43	1.49	3.44	4.22	0.77	0.28	0.03	1.19	2.06	0.24	0	1.57	0.03	0.74	0.26	0.10	0.89	0.18	0.50	0.14	0.10	0.46	0	0.06	0.43	0.08	0.06	0.11	0.01	0.30	0.34	0.25	0.68	
ACA-FT1-001	5007	5.42	180	0.02	0	0.24	3.95	0.52	0.52	3.65	0.64	0.04	0.90	0.08	2.24	1.68	0.16	0.10	0.48	0.86	0.36	0.06	7.35	0.20	0.62	0.20	0.12	0.04	0.52	0	1.12	0.02	11.10	0	0.20	24.59	5.75	0.18	0	0.96	12.36	0.56	0.16	1.00	0.38	0.98	0.62	0.02	0.94	0.02	2.78	0.14	0	0	0.26	0.02	0.36	0.52	1.66	0.14	0.84	0.18	0	3.59	1.72	2.32	3.40	4.19	0.24	0.26	0.02	0.44	1.52	0.10	0.04	1.32	0.02	0.92	0.08	0.20	1.18	0.04	0.30	0.12	0.12	0.52	0	0.06	0.30	0.16	0.04	0.02	0.02	0.18	0.16	0.60	0.28	
ACA-FT1-002	13098	5.15	193	0	0	0.06	3.77	1.74	1.67	4.02	0.90	0.05	0.98	0.05	2.12	6.99	0.08	0.15	0.37	0.76	0.47	0	6.78	0.23	0.43	0.13	0.53	0.16	0.61	0	1.21	0.02	8.62	0.01	0.15	27.74	3.85	0.17	0	0.66	14.28	0.21	0.07	0.53	0.25	0.98	0.08	0.01	0.66	0	1.92	0.02	0	0.11	0.15	0.02	0.25	0.23	1.04	0.04	0.45	0.11	0	2.02	3.89	1.71	4.53	2.30	0.18	0.38	0	0.42	1.49	0.26	0	1.98	0.06	0.66	0.12	0.07	0.96	0.02	0.55	0.06	0.06	0.38	0	0.01	0.35	0.16	0.01	0	0	0.21	0.55	0.40	0.05	
ACA-FT1-003	3095	5.14	211	0	0	0.52	4.36	2.88	2.84	3.94	0.97	0	1.20	0	2.52	7.95	0.10	0	0.16	0.55	0.45	0	7.14	0.03	0.06	0.10	0.06	0.06	0.61	0	1.23	0	6.91	0.10	0.10	28.24	3.55	0.03	0	1.03	13.18	0.16	0.10	0.52	0.29	0.55	0.10	0	1.10	0	1.68	0.19	0	0	0.10	0	0.23	0.13	1.32	0	0.84	0	0	2.39	5.30	1.45	5.36	1.62	0.23	0.55	0	0.68	1.16	0.16	0.03	2.29	0.10	0.58	0.29	0.10	0.71	0	0.68	0.06	0	0.13	0	0.03	0.52	0.10	0.03	0	0	0.23	0.48	0.39	0.61	
ACA-FT1-004	10055	5.12	171	0.05	0	0.44	4.30	0.40	0.40	4.17	0.85	0.14	0.71	0.12	1.90	1.33	0.14	0.48	0.69	0.88	0.62	0	9.16	0.15	0.46	0.36	0.39	0.10	0.52	0	1.28	0.08	8.26	0	0.31	23.38	4.53	0.08	0	0.68	11.57	0.86	0.20	0.70	0.31	1.12	0.55	0	1.14	0.10	3.45	0.12	0.03	0	0.11	0.04	0.45	0.15	1.79	0.18	1.74	0.21	0	3.91	2.14	2.27	3.59	5.23	0.25	0.22	0	0.80	1.96	0.19	0.26	1.49	0.03	0.71	0.09	0.10	1.39	0.09	0.62	0.13	0.07	0.62	0.01	0.06	0.37	0.09	0.09	0	0.02	0.09	0.29	0.36	0.46	
ACA-FT1-005	14458	5.20	212	0.08	0	0.19	3.68	0.36	0.35	3.98	0.82	0.13	0.61	0.06	1.92	1.95	0.10	0.21	0.44	0.93	0.46	0.01	8.86	0.27	0.46	0.21	1.03	0.03	0.66	0.01	1.40	0.03	9.32	0.01	0.26	24.93	4.03	0.19	0.01	1.04	12.36	0.75	0.19	0.66	0.42	0.90	0.43	0.01	0.75	0.01	2.66	0.06	0.05	0.03	0.22	0.08	0.61	0.40	1.83	0.10	1.01	0.17	0	3.56	2.45	1.69	3.76	4.13	0.30	0.39	0.03	0.67	1.60	0.10	0.01	1.69	0.03	0.80	0.10	0.13	1.09	0.02	0.77	0.13	0.10	0.50	0.01	0.03	0.67	0.09	0.03	0.02	0.01	0.22	0.30	0.39	0.22	
ACA-HRG-001	7798	4.96	189	0	0	0.09	3.46	1.28	1.28	3.03	0.36	0.15	0.68	0.12	2.27	2.90	0.06	0.24	0.55	0.87	0.86	0	11.52	0.27	0.28	0.08	0.56	0.12	0.27	0	1.31	0	9.46	0.24	0.12	21.06	5.78	0.22	0.01	0.37	12.68	0.60	0.17	1.45	0.05	1.00	0.49	0.01	0.62	0	2.82	0.01	0	0.12	0.08	0.04	0.42	0.37	1.31	0.05	0.15	0.01	0	3.65	0.37	1.58	4.26	5.98	0.97	0.01	0.08	0.22	2.01	0.37	0.01	2.45	0.14	0.29	0.23	0.06	1.53	0.01	0.32	0.23	0.05	0.60	0	0.09	0.41	0.10	0	0.09	0	0.27	0.31	0.31	0.09	
ACA-HRG-002	7626	4.86	201	0	0	0.07	4.21	0.83	0.84	3.36	0.20	0.13	0.71	0.07	2.26	2.77	0.04	0.34	0.30	0.66	0.62	0	12.98	0.10	0.20	0.05	0.18	0.10	0.35	0.01	1.23	0.01	8.27	0.04	0.22	22.72	6.19	0.12	0	0.60	13.53	0.35	0.08	1.13	0	1.04	0.16	0.04	0.60	0	2.78	0	0	0.24	0.04	0	0.20	0.21	0.97	0.07	0.22	0.01	0	2.92	0.39	1.89	4.75	6.23	0.56	0.03	0.05	0.14	2.23	0.38	0.01	2.77	0.20	0.13	0	0.09	1.19	0.01	0.10	0.21	0	0.50	0	0.08	0.43	0.05	0.01	0.01	0	0.24	0.33	0.24	0.08	
ACA-HRG-003	4116	5.04	193	0	0	0.07	4.49	0.95	0.95	3.50	0.36	0.22	0.87	0.05	2.11	2.82	0	0.36	0.22	1.02	0.51	0	11.95	0.19	0.36	0	0.39	0.05	0.22	0.07	1.60	0	8.67	0.02	0.12	22.13	5.30	0.22	0	0.51	12.37	0.49	0.15	1.41	0.02	0.97	0.49	0.07	0.75	0	2.99	0	0	0.10	0.05	0	0.32	0.27	1.26	0.07	0.10	0.05	0	3.74	0.58	1.31	5.39	6.15	0.58	0	0	0.17	1.94	0.56	0	3.13	0.17	0.41	0.07	0.12	1.90	0.05	0.22	0.24	0.02	0.70	0	0.12	0.51	0.05	0.05	0	0	0.17	0.22	0.19	0.07	
ACA-HRG-004	5594	5.25	206	0	0	0	4.00	0.57	0.57	4.09	0.32	0.36	0.66	0.07	1.73	1.52	0.05	0.38	0.55	0.93	0.84	0	12.85	0.18	0.48	0.13	0.11	0.05	0.70	0	1.18	0	10.01	0.02	0.11	22.42	4.50	0.25	0	0.55	12.37	0.27	0.18	0.75	0	1.00	0.41	0	0.68	0.02	2.74	0.05	0	0.14	0.05	0.02	0.34	0.20	1.29	0.05	0.25	0.07	0	3.66	0.38	1.82	4.43	6.74	0.95	0.02	0.04	0.25	2.06	0.27	0	2.40	0.04	0.34	0.14	0.05	1.05	0	0.29	0.21	0.02	0.50	0	0	0.93	0.04	0.02	0.05	0	0.48	0.43	0.43	0	
ACA-HRG-005	8855	4.82	195	0	0	0.09	3.90	0.79	0.80	3.52	0.15	0.18	0.62	0.08	1.86	2.15	0.07	0.34	0.38	0.78	0.61	0	12.80	0.10	0.40	0.17	0.12	0.17	0.24	0.02	1.74	0.01	8.29	0.09	0.11	23.95	5.26	0.12	0	0.45	12.24	0.61	0.32	0.95	0.05	0.94	0.59	0.05	0.78	0	3.20	0.02	0	0.30	0.09	0.01	0.35	0.32	1.41	0.05	0.17	0.07	0	3.30	0.38	1.48	4.09	6.19	0.64	0.05	0.01	0.16	2.03	0.27	0	2.55	0.03	0.32	0.12	0.06	1.26	0.01	0.21	0.16	0.05	0.44	0	0.07	0.58	0.03	0.03	0.03	0	0.27	0.28	0.35	0.11	
ACA-HRG-006	8378	4.88	202	0	0	0.05	3.58	0.67	0.68	3.53	0.26	0.13	0.57	0.10	2.48	1.98	0.04	0.51	0.42	0.58	0.58	0	13.42	0.20	0.31	0.12	0.07	0.30	0.16	0.01	1.61	0.01	8.51	0.04	0.14	23.18	4.85	0.25	0	0.70	12.09	0.67	0.11	1.29	0.10	1.05	0.24	0.07	0.67	0	3.01	0.08	0	0.11	0.10	0.01	0.26	0.29	1.05	0.07	0.24	0.07	0	3.07	0.29	1.67	4.94	6.30	0.32	0	0.02	0.24	1.96	0.56	0	2.78	0.06	0.14	0.05	0.11	1.00	0.02	0.27	0.07	0.04	0.58	0	0.10	0.35	0.06	0.04	0.04	0	0.17	0.48	0.35	0.05	
ACA-HWV-001	10910	5.20	192	0	0.04	0.10	5.64	2.45	2.21	3.85	0.98	0.07	1.41	0.08	1.78	7.09	0.17	0.08	0.34	0.58	0.17	0	6.00	0.18	0.28	0.22	0.48	0.41	0.64	0	0.89	0.01	9.00	0.04	0.05	30.12	4.43	0.10	0.02	1.11	14.80	0.13	0.04	0.43	0.16	0.65	0.11	0	0.72	0	1.69	0.03	0	0.27	0.40	0.03	0.20	0.17	0.70	0.04	0.23	0.14	0	1.43	4.56	0.85	4.11	1.36	0.23	0.48	0	0.32	1.14	0.24	0	2.03	0.12	0.49	0.10	0.06	1.10	0.10	0.32	0.18	0	0.38	0	0.02	0.25	0.04	0.02	0.02	0	0.30	0.28	0.21	0.13	
ACA-HWV-002	966	5.12	205	0	0	0	6.94	2.59	2.38	4.24	0.52	0	0.93	0.10	1.55	5.18	0.10	0	0.41	1.24	0	0	4.66	0.21	0.21	0	0.52	0	0.31	0	1.24	0.31	12.53	0	0	30.43	2.90	0.31	0	1.24	18.01	0	0.10	0.21	0.21	0.52	0	0	0.62	0	1.76	0	0	0	0.31	0	0.10	0.10	0.31	0	0	0	0	0.52	3.83	0.93	5.28	2.38	0.31	0	0	0.21	0.83	0.41	0	2.80	0.10	0.72	0.21	0.41	1.35	0	0.72	0.10	0	0.10	0	0	0	0	0	0	0	0	0.41	0.21	0	
ACA-HWV-003	764	5.38	228	0	0	0.13	4.32	0.13	0.13	4.19	0.39	0	1.57	0	0.52	0.52	0.13	0.52	0.52	1.83	0.52	0	7.85	0	0.52	0.26	0	0.13	0.13	0	0.92	0	9.16	0	0.79	28.93	4.84	0.13	0	1.31	11.13	0	0	1.18	0.13	1.44	0.39	0	1.18	0	2.36	0.26	0	0	0.26	0	0.52	0	1.57	0.13	0.65	0.39	0	3.93	0	2.62	3.27	6.28	0.13	0.65	0	0.52	2.36	0.13	0.13	1.70	0	0.65	0	0.13	1.31	0	0.13	0.13	0.13	1.05	0	0.13	0.52	0	0	0	0.13	0.13	0.26	0.52	0.26	
ACA-HWV-004	3110	5.64	231	0	0	0.03	3.86	0.80	0.77	4.41	1.06	0.13	0.71	0	2.41	3.79	0.19	0.13	0.87	1.00	0.03	0.03	7.11	0.23	0.23	0.23	0.10	0.32	0.42	0	1.03	0	13.89	0	0.16	24.98	5.31	0.10	0	0.93	13.38	0.29	0.06	0.64	0	0.58	0.26	0	0.71	0.03	2.38	0	0.06	0	0.16	0	0.32	0.45	0.96	0.13	0.32	0.10	0	2.12	2.06	1.03	4.44	4.21	0.13	0.26	0	0.35	1.16	0.45	0	1.64	0.06	1.06	0.03	0.03	1.58	0	0.68	0.06	0.06	0.55	0	0.03	0.39	0.03	0.03	0	0.03	0.10	0.51	0.26	0.03	
ACA-HWV-005	4258	5.20	232	0	0	0.40	5.03	0.21	0.21	5.05	0.49	0.07	0.63	0.07	2.72	0.94	0.16	0.26	0.45	1.03	0.40	0	8.83	0.21	0.89	0.23	0.40	0.05	0.63	0	1.15	0.05	10.80	0	0.45	25.08	4.25	0.14	0	0.68	10.54	0.63	0.07	1.60	0.31	1.24	0.21	0	0.94	0.02	2.49	0.09	0.02	0	0.31	0.05	0.70	0.23	1.48	0.23	0.75	0.42	0	4.09	1.32	1.36	3.36	5.78	0.19	0.40	0.05	0.68	1.95	0.35	0	1.74	0.02	0.52	0.02	0.05	1.22	0.07	0.73	0.09	0.16	0.42	0	0	0.35	0.09	0.02	0.05	0.05	0.16	0.12	0.14	0.45	
ACA-HWV-006	2571	5.50	205	0	0	0	4.24	1.79	1.59	3.70	0.47	0.12	0.43	0.16	2.02	4.82	0.27	0.16	1.01	0.78	0.23	0	5.68	0.35	0.19	0.43	0.43	0.08	0.23	0	1.52	0.04	12.06	0	0.19	27.81	3.81	0.19	0	1.56	13.65	0.23	0.08	0.51	0.04	1.09	0.27	0	0.62	0	2.76	0	0	0.16	1.13	0	0.23	0.27	0.82	0.08	0.16	0.16	0	2.22	2.72	1.21	3.62	2.49	0.08	0.19	0.04	0.35	1.44	0.04	0	1.36	0.08	0.47	0.04	0.04	0.82	0.04	0.35	0	0.08	0.16	0	0	0.08	0.04	0.04	0.04	0	0.19	0.23	0.43	0.04	
ACA-HWV-007	3033	5.84	223	0	0	0.20	4.91	0.63	0.63	4.25	0.92	0.07	0.96	0.10	2.70	1.06	0.13	0.10	0.59	0.92	0.07	0	7.32	0.03	0.53	0.23	0	0.10	0.36	0	2.34	0	11.94	0.03	0.20	28.82	4.42	0.23	0.03	1.29	11.64	0.36	0.16	1.71	0	0.96	0.07	0	0.73	0	3.17	0	0	0	0.07	0.07	0.03	0.43	0.73	0.07	0.30	0.36	0	2.93	0.56	1.19	3.69	5.08	0.16	0.36	0	0.36	1.48	0.13	0	1.29	0.07	0.53	0.07	0.03	0.53	0.03	0.36	0.10	0.16	0.53	0	0	0.26	0	0.03	0	0	0.30	0.30	0.23	0.20	
ACA-HWV-008	2081	5.16	259	0.29	0.14	0.24	5.72	0.29	0.29	7.16	1.92	0.10	1.06	0.14	1.78	3.22	0.14	0.10	0.34	0.82	0.14	0	8.22	0.34	0.48	0.19	0.43	0	0.48	0	1.25	0.14	9.90	0	0.19	29.41	3.12	0.24	0	1.39	10.57	0.77	0.19	0.72	0.24	0.62	0.34	0	0.96	0.05	3.03	0.19	0.14	0	0.10	0.05	0.34	0.29	1.15	0.14	1.01	0	0	2.59	1.78	1.11	4.37	4.28	0.24	0.43	0.05	0.67	1.44	0.19	0	1.87	0.24	0.72	0.10	0.05	1.20	0.05	0.34	0.10	0.05	0.43	0	0	0.29	0.14	0	0.05	0	0.14	0.38	0.24	0.29	
ACA-HWV-009	6016	5.17	230	0	0.03	0.35	5.45	1.18	1.16	4.14	0.75	0.02	0.91	0.03	1.76	3.42	0.18	0.23	0.35	0.80	0.33	0.02	8.11	0.12	0.48	0.15	0.20	0.13	0.65	0	1.41	0.03	7.85	0	0.33	28.61	3.77	0.15	0	0.68	13.10	0.66	0.20	0.53	0.65	1.01	0.33	0.03	0.83	0.02	2.73	0.08	0.02	0	0.13	0.05	0.50	0.50	1.45	0.15	0.55	0.25	0	2.83	2.63	1.51	3.86	3.99	0.28	0.42	0.03	0.43	1.63	0.18	0.08	1.58	0.07	0.88	0.07	0.13	1.11	0	0.66	0.13	0.07	0.52	0	0.03	0.38	0.08	0.02	0.03	0.03	0.13	0.35	0.17	0.42	
ACA-HWV-010	11045	5.29	184	0	0	0.24	5.18	1.37	1.39	4.55	0.78	0.13	0.99	0.12	1.81	3.98	0.09	0.15	0.50	0.89	0.15	0	7.61	0.32	0.35	0.22	0.79	0.16	0.51	0	1.29	0.03	9.71	0.01	0.17	28.49	3.67	0.24	0	0.91	12.61	0.48	0.10	0.54	0.45	0.97	0.36	0	0.64	0.04	2.11	0.04	0.01	0.05	0.17	0.04	0.42	0.43	0.91	0.13	0.75	0.13	0	2.31	3.32	1.54	3.80	3.65	0.19	0.24	0.02	0.53	1.67	0.10	0	1.82	0.05	0.69	0.06	0.17	1.34	0.07	0.62	0.08	0.07	0.40	0	0.02	0.45	0.06	0.05	0.01	0.02	0.12	0.29	0.33	0.29	
ACA-HXH-001	7964	4.74	213	0	0	0.87	4.29	1.37	1.37	4.08	1.96	0.10	0.82	0.13	2.15	0.89	0.04	0.45	0.44	0.89	0.48	0	8.26	0.34	0.49	0.14	0.51	0.19	0.49	0	1.36	0.03	6.54	0.19	0.38	18.60	4.28	0.30	0.01	0.82	11.68	1.28	0.24	1.18	0.44	0.89	0.45	0.01	0.93	0.20	3.58	0.25	4.93	0.15	0.05	0.05	0.39	0.30	2.59	0.05	0.62	0.03	0.01	5.99	0.15	2.79	2.36	6.68	1.00	0.84	0	0.64	1.64	0.10	0.19	0.92	0.09	0.46	0.11	0.29	1.85	0.19	1.13	0.19	0.08	0.30	0	0.13	0.62	0.20	0.26	0.15	0.13	0.41	0.20	0.30	0.87	
ACA-HXH-002	8167	4.63	192	0	0	0.62	4.73	1.47	1.47	4.24	1.43	0.12	0.88	0.15	2.39	0.88	0.05	0.59	0.71	0.77	0.38	0.01	8.18	0.20	0.67	0.20	0.34	0.17	0.49	0.01	1.51	0	6.38	0.13	0.32	20.42	2.68	0.17	0	0.65	10.91	1.26	0.11	1.47	0.48	1.04	0.66	0	1.19	0.28	3.89	0.17	5.25	0.22	0.02	0.02	0.16	0.40	2.46	0.02	0.72	0.04	0.02	6.06	0.58	2.12	2.22	6.38	0.88	0.87	0.01	0.48	1.91	0.10	0.13	0.65	0.06	0.55	0.11	0.18	2.00	0.09	0.92	0.23	0.05	0.44	0	0.11	0.42	0.21	0.21	0.10	0.01	0.24	0.29	0.17	0.58	
ACA-HXH-003	7655	4.84	202	0	0	1.52	4.91	1.69	1.69	4.13	2.21	0.03	0.85	0.17	2.21	1.29	0.04	0.57	0.76	0.99	0.69	0.07	9.12	0.12	0.63	0.40	0.73	0.26	0.39	0.01	2.10	0	6.40	0.20	0.12	18.60	4.73	0.18	0	0.55	10.73	1.35	0.30	1.21	0.54	0.90	0.44	0.01	0.78	0.34	3.67	0.13	3.78	0.29	0.12	0.07	0.37	0.22	1.88	0.03	0.76	0.01	0.01	4.79	0.97	2.73	2.27	6.96	0.85	0.76	0	0.40	1.91	0.01	0.10	0.93	0.07	0.34	0.16	0.24	2.21	0.08	1.16	0.14	0.13	0.40	0	0.08	0.27	0.26	0.22	0.05	0.09	0.34	0.21	0.10	1.52	
ACA-HXH-004	7346	4.94	183	0	0	2.95	5.43	1.31	1.31	4.04	2.00	0.14	0.84	0.12	2.31	1.27	0.08	0.31	0.91	1.25	0.56	0	8.24	0.30	0.63	0.22	1.10	0.23	0.94	0.03	1.52	0	8.49	0.15	0.39	18.77	2.95	0.29	0	0.57	10.86	1.17	0.34	1.05	0.22	1.05	0.42	0.03	0.67	0.12	4.19	0.04	2.74	0.18	0.11	0.03	0.37	0.29	1.81	0.23	1.16	0.07	0.03	4.85	0.35	2.45	2.87	7.16	0.99	0.34	0	0.93	1.89	0.12	0.22	1.28	0.04	0.57	0.16	0.19	1.95	0.04	1.25	0.29	0.16	0.61	0	0.10	0.37	0.23	0.20	0.10	0	0.29	0.20	0.27	2.94	
ACA-HXH-005	7275	4.80	190	0	0	1.35	4.84	1.77	1.77	3.71	1.87	0.14	0.91	0.25	1.98	1.42	0.15	0.18	0.60	1.11	0.41	0	10.06	0.16	0.65	0.04	0.56	0.23	0.78	0.01	1.66	0.03	6.52	0.30	0.44	19.77	3.84	0.15	0.04	0.82	11.79	1.33	0.27	0.91	0.47	0.93	0.44	0.05	0.84	0.22	4.16	0.08	3.00	0.22	0.04	0.11	0.36	0.27	1.57	0.18	0.85	0.05	0	4.41	0.71	2.03	2.97	6.38	0.92	0.56	0.01	0.63	1.86	0.15	0.21	1.22	0.08	0.59	0.18	0.23	1.54	0.07	1.03	0.19	0.05	0.38	0	0.14	0.29	0.11	0.18	0.07	0.03	0.37	0.18	0.18	1.28	
ACA-HXH-006	6116	4.75	180	0	0	2.65	4.77	1.62	1.62	3.76	1.85	0.13	0.88	0.29	2.14	1.47	0.13	0.20	0.83	1.03	0.67	0.03	10.12	0.23	0.54	0.29	0.78	0.26	0.87	0.05	1.78	0	7.00	0.03	0.29	19.34	2.70	0.11	0	0.60	9.92	1.42	0.20	0.98	0.36	0.85	0.34	0.16	0.78	0.20	4.51	0.08	2.06	0.25	0.15	0.10	0.34	0.21	2.22	0.03	0.95	0.05	0	4.74	0.67	2.37	2.78	7.68	1.18	0.54	0.02	0.85	1.98	0.10	0.21	1.23	0.11	0.74	0.08	0.13	2.11	0.05	1.39	0.29	0.18	0.51	0	0.07	0.38	0.21	0.28	0.13	0.02	0.56	0.11	0.16	2.52	
ACA-J7G-001	4932	4.93	185	0	0	1.62	4.24	1.32	1.32	4.34	1.22	0.08	0.93	0.22	2.07	1.34	0.14	0.18	0.61	1.18	0.85	0.02	11.15	0.30	0.43	0.41	2.27	0.16	0.93	0	1.34	0	9.83	0.14	0.30	20.17	4.16	0.18	0	1.03	11.37	1.34	0.30	0.79	0.59	1.07	0.22	0	0.47	0.06	2.98	0.08	0.02	0.16	0.10	0.02	0.30	0.55	1.56	0.06	0.45	0.04	0	3.20	0.28	1.48	2.70	7.77	0.93	0.20	0.04	0.67	2.01	0.20	0	1.44	0.04	0.39	0.18	0.06	1.30	0.04	0.47	0.22	0.10	0.51	0	0.04	0.43	0.12	0.06	0.02	0.04	0.43	0.14	0.22	1.60	
ACA-J18-002	6666	5.24	226	0	0	0.41	6.71	0.74	0.74	3.30	0.42	0.29	0.54	0.03	2.04	1.68	0.24	0.12	1.07	1.04	0.56	0	7.91	0.33	0.50	0.66	0.11	0	0.51	0.02	1.31	0.02	9.39	0	0.09	25.23	4.43	0.41	0	1.02	14.94	0.63	0.47	0.84	0.18	0.84	0.32	0	1.25	0.02	3.29	0.12	0	0.03	0.12	0.02	0.45	0.44	0.90	0.06	0.53	0.27	0	2.33	0.98	1.28	3.80	5.30	0.33	0.06	0.03	0.42	1.44	0.24	0	1.85	0.12	0.80	0.09	0.17	0.93	0.05	0.56	0.20	0.33	0.54	0	0.11	0.26	0.08	0.03	0.02	0.05	0	0.24	0.18	0.51	
ACA-J18-003	6575	5.05	242	0	0.02	0.41	6.56	0.94	0.96	3.35	0.68	0.08	0.52	0.09	2.42	2.30	0.24	0.08	0.46	0.61	0.27	0	9.25	0.27	0.44	0.46	0.02	0.06	0.64	0	1.66	0.02	8.14	0	0.05	27.47	2.45	0.33	0.03	1.26	12.82	0.79	0.49	0.78	0.21	0.75	0.08	0	1.17	0.02	3.80	0.17	0	0	0.17	0.05	0.38	0.76	0.85	0.03	1.03	0.08	0	1.90	1.96	1.55	4.56	4.84	0.37	0.23	0.02	0.47	1.55	0.33	0	1.89	0.14	1.28	0.11	0.09	0.79	0.05	0.44	0.23	0.24	0.70	0	0.03	0.29	0.06	0.02	0	0	0.08	0.20	0.27	0.53	
ACA-J18-004	8238	4.94	231	0	0.01	0.23	7.06	0.61	0.61	3.35	0.63	0.11	0.34	0.17	2.77	4.21	0.25	0.11	0.56	0.66	0.42	0.02	8.44	0.57	0.56	0.45	0.06	0.17	0.67	0	1.75	0.01	7.91	0	0.08	24.93	2.88	0.39	0.02	0.96	14.28	0.84	0.27	0.45	0.13	0.84	0.27	0	1.21	0	3.14	0.11	0	0	0.06	0.02	0.39	0.58	1.10	0.06	0.53	0.10	0	2.00	2.60	1.89	4.84	3.91	0.34	0.07	0	0.23	1.54	0.17	0	2.22	0.10	0.96	0.13	0.11	0.70	0	0.30	0.19	0.10	0.38	0.01	0.08	0.17	0.04	0	0	0.01	0.02	0.34	0.33	0.25	
ACA-J57-001	7555	5.10	187	0.08	0.04	0.23	5.73	0.69	0.69	5.19	0.57	0.05	0.81	0	1.85	3.65	0.19	0.08	0.40	0.90	0.61	0	9.62	0.58	1.26	0.36	0.12	0	0.45	0	1.24	0.01	9.52	0	0.08	23.23	4.57	0.16	0.03	1.19	14.47	0.79	0.09	0.56	0.36	1.24	0.17	0.01	0.90	0	2.70	0.05	0	0	0.17	0	0.15	0.20	1.30	0.07	0.78	0.25	0	2.44	2.18	1.47	2.83	4.82	0.17	0.23	0.04	0.74	2.33	0.17	0	1.03	0.12	0.73	0.16	0.15	0.77	0.04	0.19	0.01	0.04	0.33	0	0.04	0.25	0.07	0.04	0.03	0.01	0.05	0.20	0.24	0.24	
ACA-J57-002	4511	5.13	179	0	0	0.60	5.39	0.42	0.42	4.66	0.53	0.09	0.80	0	2.31	1.26	0.18	0.07	0.58	0.69	0.42	0	9.95	0.29	0.62	0.35	0.40	0	0.29	0	1.44	0.02	9.38	0.07	0.09	20.51	4.46	0.18	0.07	1.64	11.70	1.37	0.13	0.75	0.33	0.89	0.44	0.02	0.78	0.04	2.88	0.04	0	0	0.22	0.02	0.40	0.29	2.04	0.16	1.13	0.49	0	3.86	2.13	1.60	4.97	5.48	0.33	0.44	0	0.78	1.88	0.31	0	1.51	0.02	2.22	0.29	0.11	1.44	0.07	0.60	0.04	0.11	0.42	0	0.04	0.20	0.24	0	0	0.16	0.04	0.11	0.22	0.55	
ACA-J57-003	7993	5.18	222	0	0	0.51	4.28	0.43	0.43	4.79	0.54	0.06	0.74	0.10	2.05	1.81	0.18	0.10	0.26	0.74	0.50	0.01	12.20	0.26	0.51	0.31	0.30	0.01	0.38	0	1.35	0.04	8.28	0.01	0.09	21.64	5.42	0.11	0.01	0.91	13.59	1.45	0.18	0.26	0.30	0.74	0.24	0.03	0.89	0.06	2.61	0.01	0.03	0	0.06	0	0.23	0.29	2.30	0.09	0.93	0.23	0	3.28	4.89	1.49	3.88	2.51	0.23	0.34	0	0.65	1.46	0.18	0.03	1.23	0.09	1.08	0.19	0.16	1.09	0.03	0.61	0.03	0.05	0.30	0	0.05	0.33	0.08	0.01	0	0.04	0.04	0.40	0.11	0.51	
ACA-J57-004	6038	5.13	201	0	0	0.33	4.31	0.50	0.50	4.67	0.56	0.15	0.58	0.07	1.90	1.23	0.17	0.17	0.55	0.84	0.40	0	11.48	0.25	0.50	0.40	0.17	0.03	0.23	0	1.54	0	8.13	0.03	0.20	19.96	6.96	0.08	0.03	0.89	13.58	1.64	0.13	0.83	0.25	0.89	0.40	0	0.75	0.02	2.10	0.10	0	0	0.61	0.03	0.18	0.35	1.81	0.22	1.34	0.28	0	3.58	1.31	1.47	3.99	5.70	0.31	0.36	0	0.75	1.81	0.43	0	1.61	0.05	0.83	0.18	0.07	1.54	0.05	0.58	0.08	0.05	0.35	0	0.10	0.31	0.05	0.07	0.02	0.02	0.03	0.31	0.25	0.31	
ACA-J57-005	10455	5.01	195	0.03	0.02	0.19	4.96	0.74	0.74	4.39	0.68	0.09	0.60	0.04	1.77	3.64	0.18	0.09	0.55	0.58	0.51	0	11.81	0.32	1.01	0.46	0.09	0	0.30	0	1.13	0	7.80	0.03	0.06	23.54	4.38	0.18	0.02	0.55	14.04	1.07	0.15	0.47	0.26	0.60	0.48	0.01	1.11	0.04	2.45	0.08	0	0	0.20	0	0.20	0.18	1.50	0.11	0.99	0.13	0	2.81	2.59	1.84	3.87	4.07	0.23	0.30	0	0.42	1.60	0.24	0.01	1.55	0.05	0.68	0.15	0.13	1.00	0.05	0.36	0.06	0.08	0.43	0	0.05	0.80	0.10	0.03	0	0.01	0.04	0.47	0.42	0.19	
ACA-J18-001	23647	5.12	218	0	0	0.33	7.29	1.04	1.04	3.39	0.66	0.18	0.50	0.08	2.58	1.91	0.32	0.08	0.77	0.74	0.39	0.01	8.15	0.29	0.56	0.37	0.04	0.09	0.31	0.02	1.37	0.02	8.90	0	0.06	28.52	1.67	0.36	0.02	1.15	13.58	0.78	0.38	0.79	0.17	1.01	0.18	0.00	1.35	0.01	3.60	0.18	0	0	0.11	0.04	0.31	0.24	0.90	0.03	1.09	0.15	0	2.28	1.04	1.53	3.71	5.78	0.59	0.03	0.04	0.43	1.59	0.41	0	1.84	0.10	0.40	0.16	0.14	0.87	0.05	0.26	0.40	0.20	0.49	0.00	0.05	0.21	0.02	0.03	0.03	0.00	0.01	0.30	0.36	0.42	
ACA-A6U-001	3617	4.99	218	0	0.08	0.83	5.97	0.50	0.41	4.20	0.97	0.19	0.64	0.06	1.88	1.24	0.03	0.19	0.28	0.88	0.39	0	11.83	0.44	0.33	0.14	0.44	0	1.44	0	1.63	0	9.70	0	0.11	25.41	2.32	0.11	0	1.58	13.38	1.00	0.30	0.58	0.69	0.39	0.19	0	0.50	0.14	3.29	0.08	0.17	0.08	0.06	0.08	0.28	0.41	1.11	0.11	1.63	0.03	0	2.32	2.96	1.38	2.79	3.70	0.66	0.39	0.03	0.44	1.24	0.14	0.03	1.19	0.08	0.44	0.17	0.19	0.91	0.06	0.55	0.14	0.36	0.36	0	0.11	0.22	0.06	0.06	0.03	0.08	0.33	0.30	0.22	1.05	
CORPUS	8480.50	5.00	203.88	0.01	0.01	0.46	5.11	1.15	1.14	4.03	0.89	0.16	0.74	0.10	1.97	2.41	0.11	0.26	0.58	1.04	0.54	0.02	9.70	0.26	0.52	0.25	0.61	0.15	0.44	0.01	1.45	0.03	8.30	0.07	0.21	22.70	4.21	0.19	0.01	0.93	12.71	1.05	0.21	0.83	0.46	0.90	0.41	0.01	0.89	0.06	3.09	0.09	0.24	0.08	0.17	0.05	0.39	0.34	1.53	0.13	1.27	0.13	0.00	3.38	1.87	1.69	3.59	5.03	0.62	0.32	0.03	0.58	1.77	0.24	0.05	1.60	0.07	0.69	0.19	0.14	1.29	0.06	0.54	0.14	0.10	0.52	0.00	0.08	0.37	0.12	0.06	0.06	0.04	0.26	0.26	0.24	0.53	