Filename	AMP	ANDC	AWL	CAUS	CONC	COND	CONJ	DEMO	DEMP	DPAR	DWNT	EMPH	EX	FPP1	GER	HDG	INPR	JJ	NEMD	NN	NOMZ	OSUB	PHC	PIN	PIT	PLACE	POMD	PRED	PRMD	RB	SPP2	SYNE	THAC	THVC	TIME	TO	TOBJ	TPP3	TSUB	TTR	VBD	VPRT	XX0	[BEMA]	[BYPA]	[CONT]	[PASS]	[PASTP]	[PEAS]	[PIRE]	[PRESP]	[PRIV]	[PROD]	[PUBV]	[SERE]	[SMP]	[SPAU]	[SPIN]	[STPR]	[SUAV]	[THATD]	[WHCL]	[WHOBJ]	[WHQU]	[WHSUB]	[WZPAST]	[WZPRES]	Underused_variables	Overused_variables	
ACA-A6U-002	-0.62	-0.42	1.03	-0.41	1.13	-1.14	0.56	-0.67	-0.58	-0.52	0.06	0.12	0.17	-0.97	0.50	-0.46	-0.70	1.99	-1.00	2.88	0.75	1.73	2.44	0.95	0.06	0.68	-1.26	-1.12	-1.24	-2.45	-0.69	-0.38	-0.50	-0.90	-0.46	-0.87	-0.36	0.12	0.00	1.13	-0.66	-1.04	-0.98	-1.81	1.62	-0.73	-0.59	3.25	0.48	0.64	0.24	-1.05	-0.74	-1.09	0.75	-0.40	-1.48	0.00	-0.74	-0.48	-0.59	-0.60	0.00	0.83	-0.35	0.13	-0.11	RB 	NN PHC [PASTP] 
ACA-A6U-003	0.00	0.35	1.05	0.47	0.63	-0.77	2.75	-0.38	-0.19	-0.43	0.06	-0.17	0.06	-0.94	-0.26	-0.46	-0.70	1.67	-0.62	2.52	0.40	0.82	2.74	1.06	-0.49	-0.06	-0.66	0.58	-0.88	-1.81	-0.72	0.00	0.17	-0.55	-0.54	-0.84	-0.18	0.14	0.25	0.85	-0.83	-0.94	-0.64	-1.27	0.69	-0.73	0.18	2.25	-0.13	0.73	0.41	-1.12	-0.69	-0.65	2.25	0.90	-1.04	0.00	-0.52	-0.26	-0.56	-0.60	-0.24	-0.33	0.40	-0.42	-0.06		CONJ NN PHC [PASTP] [SERE] 
ACA-A6U-004	-0.77	1.06	1.25	-0.29	0.50	0.14	2.38	0.36	0.77	-0.35	0.69	0.12	0.11	-0.84	-1.39	-0.31	-0.50	1.45	-0.67	1.01	1.28	1.09	2.37	1.00	1.65	-0.09	-0.46	1.54	-0.55	-1.69	-0.62	0.00	0.17	0.00	-0.49	0.61	2.27	-0.91	0.00	0.99	-1.06	-0.59	0.21	-0.52	0.08	-0.63	-0.33	3.00	-0.98	1.73	0.59	-0.79	-0.60	-0.26	4.25	0.10	-0.56	0.00	-0.41	-0.71	-0.44	-0.60	-0.29	0.00	-0.40	0.39	0.67		CONJ PHC TOBJ [PASTP] [SERE] 
ACA-A6U-005	-0.58	-0.23	2.00	-0.65	1.25	-0.73	4.06	0.64	-0.25	-0.52	1.25	0.05	-0.56	-0.80	-1.11	-0.46	-0.70	1.32	-1.00	2.28	0.99	2.18	6.04	0.93	-0.58	-0.65	-0.69	-0.04	-0.98	-1.86	-0.70	-0.88	0.00	0.55	-0.09	-0.84	1.27	-0.32	1.75	0.99	-0.13	-1.13	-0.38	-1.65	0.77	-0.73	-0.11	0.50	-0.60	1.00	0.71	-0.85	-0.60	0.00	2.75	0.10	-0.84	0.00	-0.74	-0.13	-0.39	0.00	-0.12	-0.33	0.05	-0.23	0.50		CONJ NN OSUB PHC [SERE] 
ACA-A6U-006	-0.77	0.83	1.92	0.24	0.00	-0.45	2.25	-0.14	-0.23	-0.39	0.19	-0.55	0.06	-0.91	-0.39	-0.46	-0.55	1.17	-0.67	1.81	1.95	-0.18	2.85	1.27	1.07	-0.32	-0.86	0.81	-1.14	-2.31	-0.70	0.06	0.83	-0.45	-0.40	-0.87	0.82	-0.44	-0.13	-0.02	-0.66	-0.62	-0.70	-1.28	0.54	-0.73	-0.15	2.75	-0.35	2.36	-0.18	-0.76	-0.71	-0.11	5.25	1.90	-0.60	2000.00	-0.56	-0.68	-0.63	-0.10	0.24	0.17	1.75	-0.16	0.11	RB 	CONJ PHC [PASTP] [PIRE] [SERE] [SPIN] 
ACA-ACJ-001	-0.65	1.13	1.07	0.00	0.50	0.73	2.63	0.52	0.48	-0.52	0.56	0.05	1.78	-0.99	0.03	-0.38	-0.60	0.61	2.52	0.83	1.51	1.27	0.56	0.55	0.15	-0.18	0.89	2.38	0.17	-1.93	-0.72	0.44	1.17	0.79	-0.89	1.16	1.27	-0.97	-0.13	-0.36	-0.70	-0.90	-0.26	-0.92	0.62	-0.72	1.38	1.00	-0.71	1.09	0.29	-0.43	-0.66	-0.83	3.50	0.60	-0.12	0.00	-0.63	0.94	-0.59	-0.10	-0.29	0.67	1.25	-0.10	0.28		CONJ NEMD PRED [SERE] 
ACA-ACJ-002	-0.77	1.25	0.90	0.12	0.75	0.45	2.69	0.71	0.48	-0.48	0.44	-0.07	2.17	-0.98	-0.97	-0.46	-0.60	1.20	1.67	1.00	1.37	1.00	0.30	0.51	0.15	-0.29	1.06	1.69	-0.10	-1.93	-0.72	0.31	1.67	1.10	-0.74	1.29	1.45	-0.86	-0.50	-0.36	-0.99	-0.60	-0.18	-1.05	0.77	-0.73	0.73	1.25	-0.65	0.91	0.06	-0.76	-0.69	-0.54	3.50	1.00	-0.76	0.00	-0.63	0.65	-0.54	-0.10	-0.41	0.33	0.80	-0.29	0.39		CONJ EX [SERE] 
ACA-ALP-001	-0.54	-0.13	1.40	0.00	-0.25	-0.23	3.56	-0.45	0.71	-0.39	1.13	0.33	-0.50	-0.74	0.34	-0.23	-0.40	-0.04	-0.19	1.11	1.85	0.55	2.37	0.60	0.10	-0.68	-0.26	1.58	-0.31	-2.20	-0.32	0.31	0.33	-0.28	-0.54	1.16	0.73	-0.73	0.62	-1.08	-0.41	-0.99	-0.15	-1.28	0.85	-0.53	1.17	2.00	-0.71	-0.18	-0.06	-0.17	-0.40	-0.67	0.50	0.00	-0.64	5000.00	-0.44	0.10	-0.22	0.20	-0.82	0.17	0.20	0.42	1.72	RB 	CONJ PHC [SPIN] 
ACA-ALP-002	-0.62	-0.04	-0.10	0.41	0.75	-0.23	0.69	1.38	1.19	-0.52	0.38	2.48	-0.06	-0.89	-0.63	-0.46	-0.55	0.12	-0.76	0.79	0.01	-0.27	1.78	1.69	-0.76	-0.59	0.03	1.77	-0.60	-2.30	-0.70	0.38	-0.17	0.03	-0.83	0.20	-0.09	0.18	0.13	-1.27	0.81	-1.83	-0.21	-0.68	-0.08	-0.53	0.70	0.50	1.56	1.18	0.06	-0.59	-0.66	0.11	-0.25	0.80	-0.64	0.00	-0.37	-0.03	-0.24	0.20	-0.24	-0.33	2.30	0.03	0.56	RB 	EMPH [WHSUB] 
ACA-ALP-003	-0.50	2.52	2.28	-0.65	0.38	-0.68	3.94	0.17	0.35	-0.52	0.12	-0.43	-1.00	-0.67	-1.21	-0.46	-0.60	0.31	-0.43	1.01	4.71	-0.73	5.04	0.57	-0.39	-0.21	0.31	1.69	0.26	-2.03	-0.70	-0.56	0.17	0.07	-1.26	-0.59	-0.36	-0.53	1.00	-0.98	-0.93	-0.75	-0.56	-1.21	0.00	-0.73	0.30	0.25	-0.90	2.73	0.35	-0.35	-0.80	-0.56	0.25	0.60	-1.16	2000.00	-0.37	1.42	-0.37	1.20	-0.82	2.67	-0.55	-0.10	0.00	RB 	ANDC AWL CONJ NOMZ PHC [PIRE] [SPIN] [WHQU] 
ACA-ALP-004	-0.38	0.98	1.75	0.12	2.88	-0.91	4.50	-0.10	0.60	-0.48	0.69	0.57	0.33	-1.00	-0.76	-0.46	-0.65	1.89	-0.29	1.79	1.51	0.27	1.44	0.98	-0.89	-0.41	-0.20	2.19	-1.00	-1.56	-0.72	0.06	0.00	0.24	-1.06	-0.79	-0.27	-0.70	-0.50	-0.40	-0.00	-1.35	-0.11	-1.19	1.15	-0.73	1.55	5.25	-0.88	0.09	0.12	-0.29	-0.77	-0.35	2.25	0.00	-0.16	1000.00	-0.59	0.35	-0.32	0.20	-0.76	-0.17	0.05	0.84	1.22		CONC CONJ PRED [PASTP] [SERE] [SPIN] 
ACA-AMM-001	0.42	1.52	1.45	-0.06	0.75	-0.73	0.50	0.24	-0.23	-0.52	1.19	0.38	0.17	-0.94	-1.13	-0.31	-0.60	2.21	-0.67	2.21	-0.33	0.27	1.30	0.42	-0.42	0.06	0.09	2.54	-0.95	-1.51	-0.70	-0.56	0.50	-0.72	0.23	-0.93	0.09	-0.55	3.63	0.41	-0.74	-0.48	-0.79	-0.49	0.23	-0.73	1.06	2.25	-0.17	0.91	0.29	-0.55	-0.77	-1.31	8.00	0.40	-0.08	0.00	-0.56	-0.55	-0.61	-0.20	-0.71	-0.33	-0.60	0.10	0.94		JJ NN PRED TSUB [PASTP] [SERE] 
ACA-AMM-002	0.42	1.00	1.05	0.24	0.63	-0.55	0.25	0.90	0.08	-0.52	0.31	0.24	1.61	-0.89	-0.39	0.23	-0.50	1.22	-0.29	1.50	-0.12	0.91	-0.04	0.39	0.31	0.29	1.14	2.77	-0.88	-1.57	-0.72	0.31	2.00	0.00	-0.31	0.25	0.45	-0.76	3.88	0.12	-0.67	-0.57	-0.82	-0.68	0.31	-0.73	1.20	2.00	0.00	1.45	0.53	-0.43	-0.77	-0.89	7.75	1.50	0.32	1000.00	-0.63	0.00	-0.59	1.00	-0.82	0.67	-0.10	0.03	0.22		PRED TSUB [SERE] [SPIN] 
ACA-AS6-001	-0.88	1.60	1.70	-0.24	0.50	-0.55	2.81	-0.67	-0.10	-0.52	0.00	0.26	0.06	-0.98	-0.11	-0.38	-0.50	2.61	-0.10	0.98	3.05	0.18	3.44	0.84	0.00	-0.26	-0.49	0.15	-0.57	-2.07	-0.71	0.00	-0.33	0.21	-0.46	-0.23	0.45	-0.94	1.13	1.62	-0.40	-1.21	-0.46	-1.36	1.15	-0.73	0.00	2.75	-0.25	0.27	0.00	-0.90	-0.69	-0.46	4.75	-0.10	-0.56	0.00	-0.30	-0.32	-0.51	-0.30	-0.41	0.67	-0.05	-0.19	-0.22	RB 	CONJ JJ NOMZ PHC [PASTP] [SERE] 
ACA-AS6-002	-0.54	1.81	1.25	-0.47	0.87	-0.77	1.75	-0.38	-0.38	-0.52	-0.13	-0.45	-0.22	-0.98	-0.61	-0.15	-0.65	1.28	-0.81	2.01	1.48	1.55	3.78	0.99	-0.62	-0.35	-0.86	-0.15	-1.31	-2.61	-0.71	-0.38	-0.33	0.21	-0.40	-0.36	-0.27	-0.91	0.50	-0.21	0.41	-1.84	-0.75	-1.82	1.77	-0.72	0.94	1.50	-0.56	1.55	0.06	-0.77	-0.83	-0.15	2.00	0.30	-1.28	0.00	-0.74	-0.29	-0.49	0.10	-0.18	-0.17	1.50	-0.29	0.56	RB 	NN PHC 
ACA-AS6-003	-0.38	0.65	1.65	-0.12	0.50	-0.05	2.44	0.24	0.50	-0.43	0.62	-0.21	1.61	-0.89	-0.92	-0.46	-0.45	2.48	-0.10	1.33	1.46	1.82	4.52	0.91	-0.23	-0.41	-0.17	0.58	-0.69	-2.04	-0.72	-0.25	0.33	0.24	-0.17	-0.87	0.09	-1.11	-0.25	1.62	-0.74	-1.08	-0.38	-1.26	0.69	-0.73	0.08	2.00	0.08	-0.09	0.24	-0.68	-0.63	-0.63	3.75	0.10	-0.44	0.00	-0.52	-0.58	-0.61	-0.40	-0.53	1.17	0.75	0.06	0.00	RB 	CONJ JJ PHC [SERE] 
ACA-AS6-004	-0.31	0.65	1.60	-0.18	-0.13	-0.36	2.19	0.38	0.27	-0.48	0.00	-0.40	-0.78	-0.90	-0.45	-0.38	-0.65	1.91	-0.33	1.39	2.24	0.09	3.78	0.67	-0.35	-0.24	-0.46	0.46	-0.40	-2.24	-0.69	-0.44	-0.17	0.03	-0.66	0.84	0.09	-0.68	0.50	-0.36	-0.70	-0.94	-0.61	-1.57	0.54	-0.67	0.94	0.75	0.08	0.55	0.59	-0.81	-0.60	-0.09	3.00	-0.50	-0.64	0.00	-0.44	0.06	-0.54	-0.50	-0.41	0.17	0.20	-0.19	-0.06	RB 	CONJ NOMZ PHC [SERE] 
ACA-B1G-001	-0.46	0.23	1.45	-0.18	0.63	-0.95	3.88	0.17	0.00	-0.48	0.25	-0.79	0.33	-0.98	-0.71	-0.46	-0.65	1.22	0.10	2.35	1.84	1.18	2.70	0.46	-0.48	-0.26	0.46	1.38	-0.81	-2.41	-0.70	-0.56	0.33	0.28	-0.91	0.52	0.09	-1.16	1.00	-0.55	-0.98	-0.81	-1.02	-1.33	0.85	-0.73	1.27	1.75	-0.88	0.09	0.47	-0.63	-0.80	-0.61	1.25	-0.20	-0.20	0.00	-0.59	0.61	-0.66	-0.30	-0.41	-0.17	0.65	0.42	1.11	RB 	CONJ NN PHC 
ACA-B17-002	-0.46	0.65	1.40	-0.18	0.63	-0.23	5.31	0.71	0.08	-0.48	-0.44	0.40	1.06	-0.82	-0.92	-0.31	-0.55	1.89	-0.43	1.21	0.91	0.45	4.37	0.33	-0.08	0.12	-0.17	2.04	0.29	-1.93	-0.66	-0.19	0.33	1.28	-0.71	0.48	1.73	-0.64	1.13	-0.26	-0.85	-0.41	-0.10	-1.05	0.92	-0.68	1.26	1.50	-0.31	0.55	0.47	-0.28	-0.57	-0.06	2.25	0.90	-0.08	0.00	-0.44	0.48	-0.51	0.40	-0.47	0.17	0.65	-0.26	0.44		CONJ PHC PRED [SERE] 
ACA-B17-003	-0.31	0.88	0.93	0.00	1.38	-0.32	4.13	0.31	-0.15	-0.43	0.44	0.62	1.11	-0.67	-0.63	-0.38	-0.45	1.13	-0.48	1.30	0.50	1.27	3.00	0.81	-0.24	0.12	0.43	2.00	0.10	-1.88	-0.64	-0.38	1.33	0.59	-0.97	0.59	0.73	-0.68	1.25	0.56	-0.87	-0.57	-0.20	-1.03	0.54	-0.68	0.77	1.00	-0.19	1.18	0.29	-0.61	-0.06	-0.15	2.50	0.30	-0.48	2000.00	-0.07	0.06	-0.54	0.50	-0.53	0.17	0.30	-0.13	-0.22		CONJ PHC [SERE] [SPIN] 
ACA-CLP-001	0.19	-0.50	1.47	0.41	0.12	0.09	3.00	0.05	0.48	-0.48	0.50	0.12	1.89	-1.03	-0.42	-0.38	-0.55	1.07	1.14	0.92	1.81	0.36	3.00	0.33	0.24	-0.59	1.54	2.77	-0.19	-1.60	-0.72	-0.25	0.00	-0.38	-0.89	0.52	0.18	-0.85	-0.25	0.32	-1.18	-0.48	-0.41	-0.61	1.23	-0.73	1.30	-0.25	-1.12	0.91	-0.18	-0.72	-0.37	-1.02	0.50	0.20	-0.12	1000.00	-0.48	0.55	-0.68	-0.20	-0.24	-0.17	1.75	-0.35	0.83		CONJ PHC PRED [SPIN] 
ACA-B1G-002	-0.27	-0.25	1.95	-0.29	0.63	-0.59	4.06	-0.12	0.17	-0.48	0.12	-0.45	0.22	-0.89	0.42	-0.38	-0.60	1.76	-0.10	2.24	2.10	0.73	5.15	0.85	-0.65	0.00	0.09	1.19	-0.60	-2.29	-0.72	-0.44	0.17	-0.34	-0.63	-0.13	0.09	-1.14	1.13	-1.41	-1.07	-0.84	-1.10	-1.38	1.00	-0.73	0.74	2.50	-0.35	0.82	0.35	-0.77	-0.86	-0.87	1.00	0.50	-0.48	0.00	-0.48	0.13	-0.61	-0.40	-0.59	-0.17	-0.10	0.06	1.11	RB 	CONJ NN NOMZ PHC [PASTP] 
ACA-B2K-001	-0.38	0.08	1.53	-0.41	0.50	0.23	4.44	2.33	1.08	-0.52	1.00	-0.48	0.22	-0.91	-1.79	-0.46	-0.60	0.77	0.14	0.65	3.06	0.09	3.33	0.41	0.80	-0.47	1.46	4.04	-0.07	-2.26	-0.72	0.12	1.00	0.79	-0.46	-0.82	0.09	-1.17	3.75	0.08	-1.23	-0.31	-0.59	-0.19	4.15	-0.73	1.45	0.75	-0.38	2.45	0.29	-0.17	-0.86	-1.19	4.00	0.70	0.88	2000.00	0.22	-0.39	-0.49	-0.40	-0.82	-0.33	-0.50	-0.13	-0.17	RB 	CONJ DEMO NOMZ PHC PRED TSUB [BYPA] [PIRE] [SERE] [SPIN] 
ACA-B2K-002	-0.69	1.10	0.60	-0.65	-0.63	4.91	4.81	1.86	1.81	-0.13	-0.13	-1.50	-0.72	-0.87	-1.84	-0.46	-0.70	0.07	-0.57	0.33	2.62	1.55	1.37	0.36	0.92	0.12	2.66	3.65	-0.90	-1.76	-0.72	-1.06	-0.50	0.07	-0.49	-0.13	0.09	-1.25	1.75	-1.22	-1.17	-0.45	-0.95	-1.02	1.46	-0.73	2.03	-0.25	-0.98	2.55	1.47	-0.54	-0.86	-0.61	6.50	-0.80	0.64	0.00	0.56	0.19	0.10	-0.60	0.24	-0.33	-0.15	0.32	0.61		COND CONJ NOMZ POMD PRED [PASS] [PIRE] [SERE] 
ACA-B2K-003	-0.96	0.94	1.03	-0.53	0.63	0.50	4.88	2.69	1.31	-0.52	-0.13	-1.02	0.28	-0.97	-1.76	-0.46	-0.55	-0.05	0.10	-0.15	2.97	0.73	1.81	0.31	0.63	0.15	2.94	3.23	-0.67	-1.90	-0.72	-0.88	0.33	0.97	-0.11	-0.11	-0.27	-1.17	2.00	-1.08	-1.23	-0.32	-0.77	-0.64	5.23	-0.73	2.39	1.50	-0.12	3.45	0.47	0.09	-0.80	-1.11	9.25	-0.10	2.56	0.00	0.00	-0.06	-0.10	-0.40	-0.53	0.00	-0.45	0.35	0.22		CONJ DEMO NOMZ POMD PRED [BYPA] [PASS] [PIRE] [SERE] [SPAU] 
ACA-B2K-004	-0.77	2.17	1.00	-0.24	-0.63	-1.14	6.25	2.43	2.00	-0.52	0.62	-0.79	-1.22	-0.96	-1.66	-0.46	-0.70	-0.10	0.05	-0.78	4.15	-0.27	2.89	-0.13	0.86	-0.26	3.89	3.35	-0.98	-1.95	-0.72	-1.06	0.67	-0.10	0.86	0.39	-0.09	-1.23	1.37	-0.40	-1.22	-0.50	-1.03	-0.71	4.54	-0.73	2.95	16.50	-1.08	-0.64	0.29	0.42	-0.86	-0.04	16.50	-0.80	0.80	0.00	0.63	0.52	0.34	0.10	0.47	0.83	-0.70	-0.10	-0.06		ANDC CONJ DEMO NOMZ PHC POMD PRED [BYPA] [PASS] [PASTP] [SERE] 
ACA-B2K-005	-0.92	0.96	1.40	-0.65	0.38	1.55	2.63	1.67	1.67	-0.39	0.25	-0.86	-0.94	-0.99	-0.92	-0.46	-0.70	0.30	-0.48	-0.62	4.84	0.55	2.52	-0.10	0.37	-0.44	3.31	2.42	-0.57	-1.53	-0.72	-0.88	1.33	0.34	-0.26	0.16	-0.45	-1.15	1.88	-1.80	-1.15	-0.48	-1.05	-0.83	7.00	-0.73	3.11	2.50	0.00	1.27	0.06	-0.11	-0.71	-0.98	6.50	-0.50	2.52	0.00	-0.26	-0.58	-0.10	-0.10	-0.53	-0.33	0.00	0.23	0.61		CONJ NOMZ PHC POMD PRED [BYPA] [PASS] [PASTP] [SERE] [SPAU] 
ACA-B2K-006	-0.81	0.60	1.47	-0.65	0.12	-0.45	3.50	2.17	1.15	-0.39	0.06	-0.93	-0.06	-0.97	-1.53	-0.46	-0.70	-0.28	-0.14	-0.19	3.91	0.73	3.37	0.18	0.55	-0.21	2.83	1.96	-0.62	-1.74	-0.72	-0.88	1.00	0.90	-0.46	-0.70	-0.45	-1.12	2.88	-1.85	-1.14	-0.37	-1.10	-0.92	6.00	-0.73	2.59	2.00	1.13	2.91	0.29	-0.19	-0.86	-0.76	6.50	0.10	3.12	0.00	0.70	-0.35	0.12	-0.60	-0.65	0.17	1.15	0.71	1.11		CONJ DEMO NOMZ PHC POMD TSUB [BYPA] [PASS] [PIRE] [SERE] [SPAU] 
ACA-B2K-007	-0.81	1.06	1.13	0.12	0.12	-0.86	2.44	2.05	0.50	-0.52	-0.06	-0.88	-0.89	-0.97	-1.84	-0.46	-0.70	0.68	-0.38	0.33	2.74	2.00	2.30	0.43	0.70	0.21	0.89	1.88	-1.19	-2.35	-0.72	-1.06	-0.50	-0.03	0.51	0.64	-0.18	-1.16	1.88	-1.80	-1.17	-0.42	-0.87	-1.16	4.31	-0.73	2.12	-0.25	0.31	-0.09	-0.24	-0.13	-0.86	-1.07	6.25	-0.80	0.60	0.00	-0.26	0.94	-0.61	-0.60	-0.47	0.67	0.25	0.42	1.22	RB 	CONJ DEMO NOMZ PHC [BYPA] [PASS] [SERE] 
ACA-B2K-008	-0.65	0.35	1.63	-0.35	0.00	-1.14	4.63	2.90	0.94	-0.52	0.25	-1.05	-0.17	-0.97	-1.71	-0.46	-0.70	0.37	0.14	0.39	2.99	0.82	3.56	0.17	0.44	0.35	2.06	2.08	-0.31	-1.88	-0.72	-1.06	0.33	1.00	-0.40	-0.70	0.55	-1.18	3.12	-1.27	-1.24	-0.28	-0.52	-1.16	7.15	-0.73	2.47	1.00	0.38	2.82	0.00	-0.16	-0.86	-0.98	8.25	0.60	1.44	0.00	-0.04	-0.61	-0.17	0.40	-0.53	-0.33	-0.10	-0.19	-0.33		CONJ DEMO NOMZ PHC POMD PRED TSUB [BYPA] [PASS] [PIRE] [SERE] 
ACA-B17-001	-0.58	1.04	1.00	0.06	3.00	-0.36	6.13	0.19	0.00	-0.52	-1.06	-0.48	0.89	-0.75	0.13	-0.46	-0.70	1.65	-0.57	0.91	0.65	0.36	5.59	0.29	0.42	-0.32	1.57	3.31	0.67	-2.07	-0.32	-0.50	0.50	0.66	-1.00	0.75	-0.73	-0.98	2.38	1.52	-1.22	-0.26	0.64	-0.42	0.92	-0.71	0.86	-0.25	-1.04	-0.64	0.24	-0.14	-0.77	-0.83	1.25	-0.50	-0.24	3000.00	-0.30	0.00	-0.61	0.00	-0.65	0.67	2.00	-0.26	-0.22	RB 	CONC CONJ PHC PRED TSUB [SPIN] 
ACA-CLP-002	-0.31	-0.46	1.65	0.53	0.63	-0.09	3.56	0.05	0.46	-0.52	0.25	0.14	1.83	-0.97	1.45	-0.38	-0.55	1.05	0.29	0.83	1.79	0.27	3.74	0.47	-0.07	-0.50	1.77	2.35	-0.36	-1.55	-0.70	0.00	0.50	-0.48	-0.86	0.14	0.36	-0.78	-0.38	0.61	-1.13	-0.43	-0.13	-0.67	1.38	-0.73	0.95	0.50	-1.06	0.36	-0.29	-0.43	-0.49	-0.96	0.25	0.80	0.36	2000.00	-0.44	0.45	-0.49	0.10	-0.29	-0.33	2.45	-0.06	1.00		CONJ PHC PRED [SPIN] [WHSUB] 
ACA-CLW-001	-0.50	0.38	1.98	-0.06	0.00	-0.27	2.81	0.02	-0.15	-0.52	0.69	0.26	0.06	-0.82	-0.50	-0.38	-0.60	1.37	-0.29	1.63	1.85	0.64	4.56	0.74	-0.10	-0.44	0.03	1.73	-0.19	-1.86	-0.71	0.12	0.17	0.45	-0.54	0.77	0.73	-0.54	-0.13	1.76	-0.62	-0.98	-0.67	-1.26	0.62	-0.72	0.50	0.50	0.02	1.00	0.35	-0.45	-0.71	-0.54	1.00	0.90	-0.36	0.00	-0.44	0.65	-0.41	-0.10	-0.41	0.17	1.20	0.00	0.94		CONJ PHC 
ACA-CLW-002	-0.12	0.25	2.15	-0.24	1.00	-0.68	4.06	0.12	0.13	-0.48	0.56	0.07	-0.06	-0.96	-0.61	-0.46	-0.65	2.65	-0.52	1.44	2.44	0.45	6.33	0.92	-0.45	-0.38	-0.40	1.35	-0.90	-2.11	-0.72	-0.44	1.00	0.59	-0.60	-0.05	0.82	-0.83	0.38	0.61	-0.85	-0.81	-0.87	-1.44	1.00	-0.73	0.58	2.75	-0.29	1.55	0.06	-0.51	-0.66	-0.63	1.75	0.50	-0.52	1000.00	-0.56	0.26	-0.44	-0.20	-0.35	0.33	0.90	-0.23	0.44	RB 	AWL CONJ JJ NOMZ PHC [PASTP] [SPIN] 
ACA-CMA-001	0.00	0.44	2.00	0.41	0.75	0.23	3.19	0.95	-0.29	0.09	0.94	-0.17	-0.89	-1.03	-0.55	-0.38	-0.70	2.62	-0.38	0.76	2.40	2.45	3.11	0.91	0.45	-0.47	0.31	0.88	-0.62	-1.48	-0.72	0.44	-0.33	0.14	0.89	-0.95	0.55	-0.22	2.38	2.34	-0.51	-1.27	-0.21	-1.38	1.69	-0.73	-0.14	0.75	-0.17	-0.36	0.18	-0.70	-0.69	-0.41	0.00	-0.20	0.00	0.00	-0.26	0.26	-0.56	0.50	-0.76	0.17	-1.05	-0.06	1.61		CONJ JJ NOMZ OSUB PHC TSUB TTR 
ACA-CMA-002	0.38	-0.25	1.47	-0.29	1.13	-0.41	1.44	-0.36	-0.17	-0.52	-0.06	0.05	-0.06	-0.85	-0.55	-0.31	-0.40	1.46	-0.71	1.67	1.61	-0.73	1.41	1.64	0.23	-0.35	0.66	1.50	-0.88	-2.22	-0.72	-0.25	0.00	0.17	-0.20	-0.14	0.73	-0.81	3.88	0.41	-0.37	-1.13	-0.79	-1.45	1.00	-0.73	0.98	1.25	-0.06	2.73	0.00	-0.59	-0.77	-0.78	0.50	1.70	-0.16	2000.00	-0.56	0.03	-0.68	0.00	-0.82	-0.33	-0.75	0.23	0.72	RB 	TSUB [PIRE] [SPIN] 
ACA-CMA-003	-0.65	0.44	2.35	0.18	0.87	-0.86	3.62	-1.00	-0.40	-0.52	0.31	0.45	0.17	-0.94	-1.47	-0.31	-0.70	3.28	0.10	1.45	2.20	0.91	2.52	1.07	-0.62	0.00	0.51	0.15	-0.64	-1.80	-0.72	-0.06	0.17	0.34	-0.20	-0.32	0.00	-1.11	0.00	0.70	-0.87	-1.11	-0.75	-1.49	2.85	-0.73	0.09	1.25	0.98	0.09	0.00	-0.73	-0.80	-0.89	6.50	1.70	0.44	2000.00	-0.67	0.32	-0.66	-0.40	-0.82	0.00	-0.25	0.06	0.72		AWL CONJ JJ NOMZ PHC [BYPA] [SERE] [SPIN] 
ACA-CMA-004	-0.04	-0.06	1.92	1.06	1.38	-0.05	4.88	-0.74	-0.21	-0.52	0.50	0.02	-0.17	-0.98	-1.29	-0.46	-0.60	1.86	0.10	2.17	1.64	3.36	1.44	1.12	-0.48	-0.29	0.77	4.35	-0.21	-1.99	-0.72	-0.06	1.00	0.55	-0.69	-0.16	1.36	-0.95	1.88	0.65	-0.96	-0.92	-0.49	-0.79	0.62	-0.71	-0.12	0.50	-1.15	2.18	0.24	-0.01	-0.80	-0.98	2.00	-0.50	-0.04	0.00	-0.67	-0.10	-0.51	-0.10	-0.53	-0.33	-0.60	0.03	1.22		CONJ NN OSUB PRED [PIRE] 
ACA-CMA-005	0.31	-0.40	1.37	-0.29	1.13	0.50	3.69	0.38	-0.21	-0.52	0.62	-0.26	-0.89	-0.71	0.32	-0.38	-0.40	1.13	0.29	0.30	1.10	0.73	1.33	0.39	0.45	-0.15	1.94	3.46	0.00	-1.36	-0.69	-0.56	1.00	0.38	-0.23	0.23	0.45	-0.80	3.38	0.61	-0.68	-0.69	-0.02	-0.63	1.77	-0.73	1.61	1.25	0.21	1.45	-0.59	0.13	-0.34	-0.11	1.25	0.50	0.40	0.00	-0.59	0.48	-0.22	0.40	-0.59	1.17	0.70	0.19	-0.17		CONJ PRED TSUB 
ACA-CMA-006	0.46	0.69	1.88	0.18	-0.13	0.00	3.50	0.10	-0.21	-0.35	0.31	0.45	-0.61	-0.75	-0.34	-0.46	-0.70	3.03	-0.48	1.00	1.44	0.36	2.70	0.77	-0.45	-0.29	0.57	0.12	-0.48	-1.86	-0.72	0.25	1.33	-0.03	-0.26	0.59	0.91	-0.98	1.25	1.09	-0.99	-0.76	-0.80	-1.74	1.62	-0.70	0.92	1.50	0.13	2.00	-0.18	-0.39	-0.74	-0.89	5.00	-0.10	0.92	0.00	-0.48	0.23	-0.66	-0.60	-0.59	0.83	-0.70	-0.23	0.11		CONJ JJ PHC [SERE] 
ACA-CMA-007	0.58	0.98	1.05	-0.29	0.38	0.50	2.94	2.29	1.00	-0.52	1.50	0.36	2.83	-0.68	-1.24	-0.15	-0.50	2.24	0.71	-0.69	2.01	0.82	0.85	0.34	1.00	-0.47	2.54	1.50	0.62	-1.50	-0.72	0.75	0.50	1.38	-0.66	0.64	2.09	-0.98	2.12	0.61	-1.14	-0.34	0.49	-0.71	1.00	-0.73	0.26	1.25	-0.92	3.36	-0.24	-0.44	-0.74	-0.37	4.50	0.70	0.40	0.00	-0.37	0.42	-0.76	0.00	-0.47	1.00	2.20	-0.13	-0.17		CONJ DEMO EX JJ NOMZ POMD TOBJ TSUB [PIRE] [SERE] [WHSUB] 
ACA-CRS-001	-0.19	-0.04	2.02	-0.06	0.12	-0.68	1.13	-0.45	-0.02	-0.52	-0.56	-0.43	-0.22	-0.96	-0.34	-0.46	-0.55	0.82	-0.62	2.40	2.36	-0.18	5.11	0.84	-0.49	-0.62	-0.74	0.88	-0.26	-2.64	-0.72	-0.19	0.83	-0.10	-0.20	1.62	0.45	-0.68	0.13	-0.40	0.26	-1.83	-0.79	-1.91	1.00	-0.70	1.05	2.50	-0.73	-0.18	0.35	-0.82	-0.86	-0.78	2.25	-0.80	-0.80	0.00	-0.74	0.35	-0.56	-0.60	-0.47	0.00	0.45	0.00	0.78	RB 	AWL NN NOMZ PHC [PASTP] [SERE] 
ACA-CRS-002	-0.58	-0.19	1.60	0.29	0.38	-0.36	1.81	-0.31	-0.15	-0.39	-0.19	-0.40	0.17	-0.48	1.03	-0.46	-0.50	1.02	-0.29	0.94	2.62	0.36	5.00	0.71	-0.45	-0.56	0.29	1.96	-0.60	-2.26	-0.68	-0.63	0.33	-0.07	-0.37	1.04	0.45	-0.19	0.62	-0.07	-0.66	-0.76	-0.33	-1.06	0.62	-0.61	0.15	1.25	-0.15	1.36	0.41	-0.40	-0.57	-0.67	2.00	0.30	-0.68	1000.00	-0.52	0.23	-0.17	-0.20	-0.41	-0.17	1.20	-0.26	0.83	RB 	NOMZ PHC [SPIN] 
ACA-CRS-003	-0.08	0.46	0.32	0.29	0.25	0.05	1.69	-0.02	0.19	-0.35	-0.31	-0.24	0.00	-0.10	-0.39	-0.23	-0.20	-0.38	0.00	0.54	0.34	0.64	2.19	-0.31	0.30	-0.12	0.40	1.92	0.10	-1.90	-0.36	-0.06	0.33	1.17	-0.26	1.50	1.00	0.94	0.88	-0.50	0.77	-1.19	0.26	-0.95	0.77	-0.28	0.32	0.50	0.35	0.55	0.35	0.34	-0.46	0.65	1.25	1.70	-0.56	1000.00	-0.33	0.94	0.29	0.90	-0.47	0.33	0.20	-0.35	0.39		PHC [SPIN] 
ACA-CTY-001	-0.31	0.23	1.73	-0.24	1.50	0.23	3.44	-0.12	0.48	-0.52	0.56	-0.38	-0.56	-0.89	-1.11	-0.38	-0.35	1.64	-0.38	0.70	1.83	1.27	2.19	1.15	2.04	-0.35	0.71	-0.46	-0.98	-1.65	-0.67	0.19	0.17	0.10	-0.91	-0.39	1.09	-0.78	2.38	1.28	-0.94	-0.60	-0.20	-1.53	0.23	-0.71	0.21	1.50	-0.04	3.64	0.88	-0.90	-0.77	-0.02	5.25	0.10	0.24	0.00	-0.44	0.10	-0.66	-0.20	0.00	1.33	0.70	-0.48	-0.28		CONJ PHC PIT TSUB [PIRE] [SERE] 
ACA-CTY-002	-0.31	-0.02	1.85	-0.65	-0.25	0.27	3.75	0.48	-0.04	-0.52	0.88	0.50	-0.56	-0.95	-0.37	-0.46	-0.55	1.45	0.19	0.75	1.89	0.55	1.74	0.92	2.11	-0.18	1.11	0.58	-0.36	-1.64	-0.72	1.06	-0.50	0.90	0.03	-0.04	2.09	-0.93	3.00	0.65	-0.56	-1.09	-0.52	-1.34	0.62	-0.73	0.06	1.25	0.08	2.18	1.24	-0.68	-0.77	0.43	4.50	-0.20	1.28	0.00	-0.41	0.26	-0.29	0.00	-0.65	0.67	0.80	-0.52	-0.22		CONJ PIT TOBJ TSUB [PIRE] [SERE] 
ACA-CTY-003	-0.35	0.04	1.55	-0.24	0.63	0.91	4.94	-0.19	0.13	-0.48	1.44	-0.40	-0.17	-0.78	-0.66	-0.46	-0.45	1.29	0.48	0.23	2.13	2.09	1.00	0.74	1.99	-0.50	0.91	0.08	-0.88	-1.47	-0.72	0.63	0.33	1.00	-0.63	0.36	2.73	-0.32	2.25	-0.88	-0.74	-0.60	-0.41	-1.38	0.46	-0.72	-0.15	1.25	-0.15	1.64	0.41	-0.32	-0.77	0.06	4.00	1.20	0.56	0.00	-0.56	0.55	-0.51	0.90	0.00	1.17	0.50	-0.39	-0.44		CONJ NOMZ OSUB TOBJ TSUB [SERE] 
ACA-CTY-004	-0.50	0.13	1.85	0.06	1.13	0.55	4.94	0.36	0.13	-0.43	0.19	-0.50	-0.11	-0.90	-1.08	-0.38	-0.60	1.49	-0.05	0.59	2.05	0.73	1.96	1.22	1.76	-0.65	0.91	0.12	-0.52	-1.81	-0.67	0.69	0.00	1.28	-0.54	0.04	0.91	-0.70	2.38	-0.31	-0.74	-0.68	-0.15	-1.46	0.62	-0.73	0.50	0.50	-0.31	3.55	0.29	-0.37	-0.63	-0.09	4.75	0.50	0.68	0.00	-0.56	0.52	-0.37	0.30	0.41	0.17	0.25	-0.29	-0.22		CONJ NOMZ TSUB [PIRE] [SERE] 
ACA-CTY-005	-0.38	0.27	1.77	0.06	0.38	-0.23	5.25	0.05	0.42	-0.39	0.81	-0.07	-0.56	-0.90	-0.89	-0.38	-0.55	1.52	-0.24	0.55	2.13	1.64	2.19	0.97	1.85	-0.24	0.83	0.19	-0.81	-1.88	-0.69	0.31	0.00	0.66	-0.37	0.30	2.09	-0.32	2.38	0.17	-0.95	-0.62	-0.31	-1.29	0.31	-0.73	0.41	1.00	-0.60	3.64	0.24	-0.63	-0.66	-0.06	4.25	0.10	0.16	0.00	-0.67	0.48	-0.54	-0.10	-0.29	0.00	0.15	-0.55	-0.33		CONJ NOMZ PHC TOBJ TSUB [PIRE] [SERE] 
ACA-EA7-001	-0.58	0.71	1.15	0.06	2.12	-0.45	2.06	-0.52	-0.27	-0.52	0.06	-0.14	0.61	-0.98	-0.74	-0.46	-0.50	0.66	-0.19	2.27	0.42	0.00	1.96	1.40	0.13	0.09	0.51	1.00	-0.93	-1.88	-0.69	-0.69	0.67	-0.14	-0.17	-0.04	1.09	0.33	0.38	1.23	0.61	-2.03	-0.75	-1.51	0.69	-0.73	0.11	2.25	-0.25	0.82	-0.06	-0.63	-0.60	-0.78	2.00	-0.20	0.00	0.00	-0.56	0.42	-0.54	-0.60	-0.24	0.33	0.00	0.19	-0.39	VPRT 	CONC CONJ NN [PASTP] 
ACA-EA7-002	-0.38	0.15	1.30	-0.29	0.87	-0.36	1.25	-0.71	-0.13	-0.39	0.00	-0.19	0.06	-1.04	-0.79	-0.46	-0.40	2.00	-0.19	2.03	0.62	0.91	1.19	1.34	0.82	-0.06	-0.26	-0.27	-1.12	-2.12	-0.72	-0.50	0.00	-0.55	0.83	-0.09	1.09	-0.04	1.00	1.33	0.29	-1.84	-1.02	-1.77	1.62	-0.73	-0.14	2.00	0.12	0.45	0.41	-0.85	-0.77	0.22	2.00	0.40	0.32	0.00	-0.63	0.00	-0.46	-0.30	-0.47	-0.33	-0.60	0.32	-0.56	RB 	NN 
ACA-EA7-003	-0.65	0.81	1.20	-0.29	1.38	-0.41	1.63	-0.64	-0.13	-0.43	0.31	-0.64	-0.56	-0.97	-0.95	-0.46	-0.60	1.16	-0.48	2.26	0.69	0.27	1.30	1.39	0.11	0.26	-0.11	0.69	-0.88	-2.22	-0.69	0.25	0.67	-0.38	-0.17	0.25	0.73	0.28	0.38	0.65	0.74	-2.10	-0.75	-1.49	0.62	-0.73	0.03	3.25	-0.46	1.36	0.12	-0.87	-0.71	-0.43	2.25	-0.10	-0.88	0.00	-0.59	0.23	-0.59	-0.50	-0.53	-0.17	0.15	-0.16	-0.44	RB VPRT 	NN [PASTP] [SERE] 
ACA-ECV-001	-0.62	1.29	1.90	-0.24	0.63	-0.55	3.25	0.81	-0.02	-0.48	-0.25	-0.45	-0.22	-0.90	-0.87	-0.46	-0.55	1.47	0.05	1.06	1.72	0.82	4.74	0.80	0.31	-0.65	0.40	1.50	-0.57	-2.05	-0.72	-0.38	0.00	1.48	-0.89	0.21	1.09	-0.56	2.63	0.03	-1.13	-0.29	-0.38	-1.14	1.69	-0.72	0.67	1.50	-0.27	1.82	0.76	-0.16	-0.74	0.44	3.50	0.40	-0.28	0.00	-0.26	0.42	-0.37	0.50	-0.53	-0.17	1.05	-0.19	0.06	RB 	CONJ PHC TSUB [SERE] 
ACA-ECV-002	0.46	0.65	0.73	1.06	-0.13	-0.27	3.25	1.93	0.73	-0.35	0.94	0.33	0.17	-0.30	-0.53	-0.31	-0.20	1.75	0.48	-0.22	0.73	1.00	0.44	0.22	1.11	0.12	0.77	2.31	-0.60	-0.77	-0.69	0.50	1.83	0.00	-0.26	1.36	0.64	-0.53	0.00	0.37	-0.87	-0.40	0.57	-0.47	-0.15	-0.73	0.33	1.25	0.40	1.45	-0.12	-0.06	-0.37	-0.31	2.75	0.20	0.96	0.00	-0.37	0.26	-0.51	0.90	0.00	1.00	1.45	-0.48	-0.11		CONJ PRED [SERE] 
ACA-ECV-003	-0.62	0.63	1.20	-0.24	-0.38	0.27	2.38	1.40	0.69	-0.52	-0.13	-0.05	0.50	-0.77	-0.87	-0.31	-0.50	1.95	1.10	0.65	1.77	0.27	4.33	0.65	0.55	-0.26	0.60	1.31	-0.60	-1.74	-0.70	0.06	-0.17	0.52	-0.86	0.07	0.45	-0.23	3.12	0.08	-0.90	-0.46	-0.46	-1.25	1.38	-0.69	0.50	3.00	-0.67	2.55	0.47	-0.40	-0.54	-0.26	4.25	-0.10	-0.60	0.00	-0.19	0.42	-0.59	0.00	-0.41	0.67	0.60	-0.58	0.06		CONJ PHC TSUB [PASTP] [PIRE] [SERE] 
ACA-ECV-004	-0.31	0.35	0.35	0.24	1.25	0.86	5.56	-0.05	0.29	-0.52	2.00	-0.21	0.17	-0.34	-0.92	-0.46	-0.30	-0.62	1.19	0.68	0.69	0.45	1.52	0.31	0.30	0.12	0.54	2.35	-0.10	-1.94	-0.64	0.63	-0.17	0.72	-0.54	1.14	1.00	0.16	0.75	-0.21	-1.05	-0.10	0.13	-1.11	0.69	-0.70	0.92	0.25	-0.69	1.09	0.24	-0.82	-0.51	0.72	-0.25	0.90	-0.88	0.00	-0.59	0.39	-0.34	0.20	-0.24	1.00	0.70	-0.48	0.28		CONJ PRED 
ACA-ECV-005	0.08	0.00	0.52	0.47	1.13	1.18	1.69	0.95	0.75	-0.13	0.94	0.19	-0.28	-0.33	-1.26	0.08	-0.50	0.19	1.43	-0.32	1.35	0.64	1.85	-0.25	0.65	-0.62	1.20	3.04	-0.10	-1.47	-0.46	1.56	0.17	1.14	-1.00	1.93	1.64	0.53	0.00	0.89	-1.11	0.23	1.54	-0.28	-0.31	-0.64	0.50	0.75	-0.92	0.45	0.53	-0.30	-0.46	0.57	-0.25	0.80	-0.36	0.00	-0.48	0.87	-0.20	0.40	1.29	1.33	0.40	-0.48	-0.39		PRED 
ACA-ECV-006	-0.38	2.15	0.77	-0.06	-0.13	-0.27	2.75	0.33	0.81	-0.26	0.81	-0.31	0.44	-0.60	-0.47	-0.23	-0.55	0.57	0.62	0.37	0.96	0.36	3.85	0.48	0.25	-0.24	1.54	3.12	-0.45	-1.91	-0.67	0.31	0.67	0.90	-1.11	1.04	1.45	-0.29	1.50	-1.22	-0.94	-0.29	0.11	-0.65	-0.08	-0.68	0.45	0.75	0.33	4.45	-0.06	0.09	-0.57	-0.13	4.50	2.10	0.20	0.00	-0.52	0.10	-0.44	0.30	-0.24	0.83	1.30	-0.52	-0.50		ANDC CONJ PHC PRED [PIRE] [SERE] [SMP] 
ACA-ECV-007	0.19	0.40	1.20	1.24	-0.63	-1.14	1.25	1.43	-0.29	-0.52	0.75	-0.74	-1.22	-0.19	-1.84	-0.46	-0.70	-0.35	0.52	2.44	0.39	-0.91	1.11	0.16	0.79	-0.91	-1.66	0.65	0.95	-1.56	-0.72	-1.06	-0.50	-1.14	-1.49	1.32	2.18	-0.62	-0.50	-1.22	-1.32	-0.50	0.69	-2.31	-0.62	-0.55	0.47	-0.25	2.02	5.18	-0.59	-1.12	-0.86	-1.43	-0.25	-0.80	2.88	0.00	-0.74	-0.94	-0.76	-0.60	-0.82	-0.33	0.55	-0.81	-0.89	[BEMA] 	NN TOBJ [PEAS] [PIRE] [SPAU] 
ACA-EW1-001	-0.23	0.73	0.52	0.12	0.87	0.09	0.69	-0.69	-0.04	-0.48	1.56	-0.17	0.00	-0.83	-1.00	-0.46	-0.60	0.18	-0.24	1.57	0.79	0.27	0.96	0.59	0.24	-0.15	0.14	1.38	0.24	-1.97	-0.57	0.81	0.50	0.17	-0.69	0.75	1.73	-0.04	2.88	0.61	0.79	-1.90	-0.38	-0.94	1.15	-0.72	0.58	0.75	0.29	0.36	-0.18	-0.58	-0.51	-0.41	0.75	-0.10	-0.08	0.00	-0.63	0.29	-0.44	-0.30	-0.65	-0.17	0.05	-0.35	-0.39		TSUB 
ACA-EW1-002	-0.42	1.13	0.63	0.18	0.87	-0.32	0.69	-0.90	-0.21	-0.43	1.63	-0.19	0.61	-0.84	-0.79	-0.38	-0.55	-0.05	0.00	1.37	1.49	0.45	1.04	0.85	0.34	-0.38	0.14	0.65	0.33	-2.02	-0.65	0.94	0.33	0.14	-0.37	0.52	1.64	-0.35	2.50	-0.26	0.86	-2.00	-0.41	-1.39	1.31	-0.72	0.70	0.25	0.60	0.27	0.00	-0.66	-0.43	-0.63	0.75	0.10	0.04	0.00	-0.63	0.52	-0.54	0.20	-0.59	0.00	0.00	-0.42	-0.39	RB 	TSUB 
ACA-EWW-001	0.12	1.56	0.87	-0.65	0.63	-0.68	1.75	-0.69	0.08	-0.52	0.62	-0.07	-1.22	-0.74	-0.26	-0.46	-0.20	-0.03	-0.05	2.04	0.28	0.91	5.04	0.38	-0.32	-0.32	-0.23	2.04	-0.86	-1.91	-0.72	-1.06	-0.50	-0.10	-0.63	0.20	0.18	1.48	-0.50	0.70	1.12	-2.09	-0.57	-0.56	-0.62	-0.73	-0.09	2.25	0.08	3.00	0.00	-0.96	0.00	0.61	-0.25	-0.80	-0.60	0.00	-0.74	0.35	-0.51	-0.60	-0.82	-0.33	-0.05	-0.81	0.22	VPRT 	NN PHC PRED [PASTP] [PIRE] 
ACA-EWW-002	-1.04	-0.06	2.12	-0.65	1.13	-1.14	1.00	-0.67	-0.67	-0.52	-0.38	-0.83	-1.22	-1.04	0.03	-0.46	-0.70	2.40	-1.00	2.43	2.15	-0.91	4.48	2.49	-1.25	-0.91	-0.86	-0.73	-0.33	-2.93	-0.72	-0.19	-0.50	-1.14	-1.09	-1.91	-0.73	-1.27	-0.50	-0.74	-1.27	-0.45	-1.39	-2.08	2.62	-0.73	5.61	-0.25	-1.65	1.91	0.24	-1.46	-0.86	-1.43	6.75	0.60	-0.52	0.00	-0.74	-0.94	-0.76	-0.60	0.00	-0.33	0.35	1.94	0.67	RB [BEMA] 	AWL JJ NN NOMZ PHC PIN [BYPA] [PASS] [SERE] 
ACA-EWW-003	-0.88	1.23	-0.45	-0.59	-0.25	3.41	7.81	0.24	0.42	0.17	0.56	-0.71	-0.56	-0.02	-1.66	-0.46	-0.65	0.84	0.29	0.53	0.70	7.45	1.19	-0.18	0.25	-0.44	1.86	4.50	-0.33	-1.36	-0.72	-0.75	0.33	0.28	-0.29	-1.16	-0.27	-1.22	-0.38	-2.23	-1.27	0.00	-0.66	0.45	1.54	-0.73	0.26	1.50	-1.10	1.00	0.12	-0.36	-0.71	0.11	5.00	-0.40	-0.04	0.00	0.48	-0.26	-0.24	-0.40	-0.76	-0.17	-0.40	-0.42	0.83	TTR 	COND CONJ OSUB PRED [SERE] 
ACA-EWW-004	-0.31	0.96	-0.28	-0.53	0.38	2.68	8.00	0.38	0.67	-0.13	0.50	-0.74	-0.56	0.31	-1.61	-0.46	-0.65	0.29	0.14	-0.40	1.17	4.18	0.63	-0.06	0.20	-0.24	1.40	3.65	-0.50	-1.16	-0.72	-0.56	0.50	0.21	0.57	0.02	-0.36	-1.22	-0.38	0.37	-1.24	0.27	-0.67	-0.27	1.00	-0.73	0.97	1.00	-0.87	1.09	0.53	0.27	-0.71	-0.13	5.00	-0.10	0.12	0.00	0.41	0.48	0.02	0.20	-0.71	0.00	-0.40	-0.42	-0.06		COND CONJ OSUB PRED [SERE] 
ACA-F9V-001	-0.04	0.23	1.37	-0.18	0.25	0.41	3.31	-0.14	0.04	-0.39	0.00	-0.38	0.00	-0.57	-0.13	-0.31	-0.65	0.81	0.10	0.86	0.92	1.64	1.41	0.42	0.20	-0.47	0.31	1.38	0.21	-1.56	-0.57	-0.13	0.67	0.21	-1.06	0.77	1.27	-0.44	0.50	0.12	-1.10	-0.27	-0.57	-1.33	1.15	-0.64	0.68	1.75	-0.75	0.91	0.18	-0.36	-0.60	1.24	2.50	1.50	0.36	0.00	-0.15	0.42	-0.27	0.80	0.18	0.50	2.30	0.00	0.61		CONJ [SERE] [WHSUB] 
ACA-FC1-001	-0.69	-0.04	0.25	0.88	1.00	-0.95	2.50	0.62	0.38	-0.52	0.62	-1.00	2.11	-0.94	0.08	-0.46	-0.50	-1.22	0.00	1.02	2.67	1.00	0.00	1.16	-0.24	-0.91	0.06	-0.65	-0.83	-2.78	-0.72	1.63	0.17	2.28	-0.51	0.02	2.00	-0.80	-0.50	-1.32	0.23	-1.65	0.08	-1.85	1.69	-0.73	0.82	2.00	0.33	2.09	1.18	-0.58	-0.86	-0.56	4.00	0.50	-0.64	0.00	-0.59	0.87	-0.24	-0.60	-0.29	-0.33	0.90	0.03	0.78	RB 	CONJ EX NOMZ THVC [PIRE] [SERE] 
ACA-F9V-002	-0.54	-0.02	0.70	-0.24	-0.50	0.18	2.63	0.29	-0.13	-0.43	0.31	-0.29	-0.28	-0.33	-0.55	-0.23	-0.65	0.21	0.29	0.78	0.65	0.09	0.89	0.46	-0.15	-0.47	0.86	1.88	0.67	-2.07	-0.32	-0.69	0.67	1.00	-0.26	0.95	0.82	-0.49	-0.38	-1.32	-0.92	-0.33	-0.20	-1.11	0.38	-0.58	0.56	3.25	-0.62	2.00	0.18	0.08	-0.66	0.26	4.50	1.30	-0.52	0.00	-0.33	0.90	-0.20	1.10	0.12	0.33	2.05	-0.19	0.11	RB 	CONJ [PASTP] [SERE] [WHSUB] 
ACA-F9V-003	-0.54	0.15	0.77	0.12	0.63	0.09	2.31	0.55	0.33	-0.48	-0.13	-0.12	1.39	-0.34	-0.76	-0.23	-0.50	0.15	0.43	0.76	1.08	0.09	-0.04	0.24	-0.03	-0.47	1.46	0.81	0.26	-1.59	-0.55	-0.44	0.00	0.14	-0.46	0.18	0.45	-0.52	0.00	-0.36	-0.87	-0.46	-0.36	-1.46	0.38	-0.50	0.67	2.00	-0.58	1.09	0.59	-0.47	-0.54	0.22	2.50	1.20	0.00	0.00	-0.44	0.71	-0.24	0.70	-0.06	1.50	0.55	-0.13	0.39		CONJ [SERE] 
ACA-F98-001	-0.88	0.58	1.40	0.12	-0.13	-0.18	1.13	-0.40	-0.44	-0.52	0.56	0.62	0.39	-0.81	0.24	-0.46	-0.70	1.38	-0.67	2.08	0.91	-0.45	1.78	1.28	-0.30	-0.71	0.86	1.00	-0.05	-2.32	-0.64	0.94	-0.17	0.10	-0.20	1.14	0.55	-0.85	0.00	0.22	-0.86	-1.06	-0.43	-1.14	0.23	-0.73	0.03	1.00	0.23	0.55	-0.06	-0.72	-0.49	-0.67	3.00	0.50	-0.28	2000.00	-0.33	-0.35	-0.44	0.50	-0.06	0.33	1.80	0.23	0.00	RB 	NN [SERE] [SPIN] 
ACA-FEF-001	-0.65	1.85	0.77	-0.65	0.63	0.73	0.56	-0.88	-0.31	-0.52	-0.63	0.21	-0.67	-0.10	-1.84	-0.46	-0.70	1.32	1.95	0.14	2.62	0.00	0.26	-0.17	-0.58	0.29	1.00	0.58	2.33	-1.39	-0.27	2.12	1.17	0.62	-0.03	0.09	-0.73	-0.60	-0.50	0.08	-0.78	-0.76	0.97	-0.92	1.00	-0.56	0.11	2.25	-0.87	0.27	0.65	0.15	0.03	-0.28	-0.25	0.20	0.68	10000.00	-0.37	0.39	-0.51	-0.60	-0.82	4.83	-0.55	-0.48	0.28		NOMZ PRMD SYNE [PASTP] [SPIN] [WHQU] 
ACA-FEF-002	-0.31	0.38	0.02	-0.29	-0.13	0.91	2.94	-1.00	0.06	-0.17	0.06	-0.24	0.72	0.03	-1.63	-0.46	-0.60	0.60	-0.10	0.94	0.54	1.36	0.07	0.22	-0.37	0.71	1.31	1.88	0.86	-1.76	-0.31	0.06	0.33	0.17	-0.06	-0.55	0.64	-1.21	1.00	-0.50	-1.15	-0.40	-0.57	-0.69	1.15	-0.67	-0.06	0.50	-0.73	0.55	1.00	-0.06	-0.60	-0.85	2.50	-0.40	0.20	0.00	-0.15	0.00	-0.51	-0.30	-0.82	1.50	-0.95	-0.19	0.72		CONJ [SERE] 
ACA-FEF-003	-0.50	0.40	0.08	0.35	0.00	0.86	3.06	-0.90	-0.15	-0.17	0.56	-0.17	1.00	-0.07	-1.61	-0.38	-0.35	1.39	0.05	0.62	1.10	1.09	-0.44	0.11	-0.13	1.09	1.54	2.15	0.95	-1.99	-0.59	0.00	-0.33	0.55	-0.51	-0.52	1.09	-1.24	0.38	-0.88	-1.19	-0.43	-0.39	-0.76	0.77	-0.68	0.53	0.75	-1.23	0.55	1.53	-0.39	-0.60	-0.65	2.25	-0.10	-0.28	0.00	-0.30	0.06	-0.59	-0.50	-0.65	0.83	-0.60	-0.16	0.56		CONJ PRED [SERE] 
ACA-FEF-004	-0.42	0.33	-0.08	0.35	0.00	1.23	3.06	-0.98	-0.10	-0.39	-0.38	-1.12	0.22	-0.21	-1.61	-0.46	-0.45	1.29	0.81	0.62	0.81	1.18	0.26	-0.05	-0.06	0.41	1.20	2.04	1.07	-1.86	-0.53	-0.06	0.33	0.03	-0.03	-0.93	0.82	-1.24	0.00	-0.74	-1.21	-0.52	-0.51	-0.80	1.15	-0.68	0.38	0.75	-1.29	0.09	1.18	-0.05	-0.63	-0.61	2.00	0.10	-0.28	0.00	-0.56	1.23	-0.44	0.20	-0.76	3.83	-0.75	1.13	1.72		CONJ PRED [WHQU] 
ACA-FPG-001	0.15	0.85	0.30	0.00	0.25	1.73	2.81	0.40	1.40	-0.48	0.69	-0.38	0.11	-0.93	-0.29	-0.38	-0.65	0.22	0.14	1.14	0.58	0.18	0.37	0.52	-0.14	-0.38	1.51	2.19	1.81	-2.03	-0.67	0.19	0.67	-0.17	-0.86	0.21	0.55	-1.14	3.75	-1.41	-1.17	-0.55	-0.46	-1.13	0.92	-0.73	3.02	1.75	-0.90	1.00	0.47	-0.23	-0.80	-0.85	2.50	-0.50	-0.36	1000.00	-0.59	0.90	-0.46	0.30	-0.82	0.50	-0.90	0.52	1.17	RB 	CONJ PRED TSUB [PASS] [SERE] [SPIN] 
ACA-FPG-002	0.15	0.42	0.38	0.00	0.50	1.91	2.81	0.26	1.35	-0.52	0.50	0.05	0.44	-0.99	0.21	-0.46	-0.55	0.41	0.00	1.61	0.48	0.91	0.04	0.13	-0.11	-0.35	0.54	2.92	2.10	-2.05	-0.70	-0.19	0.33	-0.03	-0.94	0.25	-0.36	-1.12	3.12	-0.60	-1.09	-0.47	-0.48	-0.79	0.46	-0.73	2.98	1.25	-0.96	1.09	0.53	-0.37	-0.74	-0.65	2.75	-0.50	-0.44	0.00	-0.59	1.81	-0.44	-0.10	-0.76	0.00	-0.85	0.35	0.22	RB 	CONJ PRED PRMD TSUB [PASS] [SERE] 
ACA-FPG-003	1.00	0.31	0.58	0.41	0.25	1.36	3.69	0.38	0.58	-0.52	1.31	-0.36	0.06	-1.04	-0.95	-0.46	-0.70	1.21	-0.48	1.41	0.56	0.55	0.78	0.23	-0.38	-0.24	1.29	3.04	0.36	-2.29	-0.60	-0.63	0.33	-0.17	-0.77	0.63	-0.55	-1.12	5.25	0.41	-1.07	-0.44	-0.52	-0.89	1.31	-0.73	2.65	0.25	-1.04	2.09	0.35	-0.54	-0.80	-0.74	5.50	-0.60	-0.64	0.00	-0.41	1.74	-0.54	0.50	-0.82	1.17	-0.15	1.19	0.28	RB 	CONJ PRED TSUB [PASS] [PIRE] [SERE] 
ACA-FSS-001	-0.58	-0.04	0.48	0.29	1.25	0.95	2.44	-0.24	-0.13	-0.48	0.19	-0.74	1.22	-0.98	-1.00	-0.38	-0.50	0.01	0.71	1.33	1.17	-0.36	0.44	1.05	1.10	-0.53	0.37	2.69	-0.19	-2.34	-0.72	1.81	1.17	0.93	-0.77	-0.30	1.82	-0.53	0.25	-0.79	-0.35	-1.03	0.33	-0.84	2.46	-0.73	0.77	0.50	0.21	1.18	-0.24	-0.49	-0.54	-0.80	1.75	1.30	-0.68	0.00	-0.59	0.06	-0.49	-0.30	-0.06	-0.33	1.05	0.32	0.50	RB 	CONJ PRED [BYPA] 
ACA-FSS-002	-0.73	-0.33	-0.08	0.00	1.38	3.09	3.06	0.81	-0.19	-0.52	0.44	-0.81	1.44	-1.01	-1.21	-0.46	-0.70	-0.56	0.14	1.33	0.56	1.00	-0.19	1.33	1.28	-0.59	0.54	3.73	-0.19	-2.15	-0.62	1.75	-0.50	0.69	-0.94	0.00	1.73	-0.67	-0.13	-0.36	-0.61	-0.76	0.49	-0.06	2.69	-0.73	0.85	1.75	-0.42	2.00	-0.41	-0.61	-0.40	-1.22	2.50	-0.30	-0.80	0.00	-0.63	-0.42	-0.68	-0.60	-0.18	-0.33	0.55	0.48	1.50	RB 	COND CONJ PRED [BYPA] [SERE] 
ACA-FSS-003	-0.65	-0.19	0.05	0.06	1.63	2.05	2.50	-0.33	-0.15	-0.52	0.94	-0.81	0.78	-0.96	-1.47	-0.38	-0.40	-0.72	0.76	1.56	0.35	0.82	0.04	1.07	0.48	-0.59	1.23	1.88	-0.31	-1.99	-0.64	2.12	0.17	0.55	-0.89	0.86	1.64	-0.19	-0.13	-0.40	-0.47	-0.85	0.33	-0.91	1.23	-0.73	0.92	0.50	-0.29	1.00	-0.06	-0.88	-0.37	-0.59	2.00	0.70	-0.36	0.00	-0.63	0.29	-0.37	-0.10	-0.35	-0.33	0.90	-0.13	0.44		COND CONJ SYNE 
ACA-FSS-004	-0.73	-0.31	0.38	0.24	2.00	1.73	3.00	-0.21	0.00	-0.52	0.25	-0.67	1.17	-0.95	-1.26	-0.46	-0.60	-0.46	0.86	1.30	1.61	1.18	0.44	1.04	0.75	-0.62	0.94	2.58	-0.02	-2.14	-0.71	1.50	2.00	0.86	-0.97	1.36	2.18	-0.58	-0.13	-0.21	-0.52	-1.03	0.56	-0.81	1.23	-0.73	0.92	0.50	-0.23	1.73	0.00	-0.88	-0.34	-0.50	3.25	0.20	-0.36	0.00	-0.52	0.45	-0.56	0.00	-0.18	-0.17	0.45	0.29	0.50	RB 	CONJ PRED TOBJ [SERE] 
ACA-FT1-001	-0.88	0.94	2.30	-0.18	1.38	-0.68	2.25	-0.31	-0.21	-0.26	0.00	-0.02	-0.11	-1.00	-0.47	-0.46	-0.60	2.68	-0.05	1.84	2.61	0.73	2.30	0.52	-0.66	-0.44	1.20	1.96	0.14	-2.15	-0.72	0.56	-0.17	0.10	0.00	0.30	0.55	-0.96	1.75	-1.17	-0.75	-1.04	-0.67	-1.38	0.15	-0.70	0.55	0.25	0.12	0.09	0.59	-0.60	-0.74	-0.87	2.75	0.40	-0.12	0.00	-0.52	0.03	-0.37	-0.20	-0.71	0.00	-0.15	-0.29	2.44	RB 	AWL CONJ JJ NOMZ PHC [SERE] [WZPRES] 
ACA-FT1-002	-0.85	1.10	1.63	-0.35	0.38	-0.45	1.56	-0.55	0.02	-0.52	0.19	-0.48	-0.50	-0.84	-0.24	-0.46	-0.60	1.36	-0.29	2.72	1.29	0.64	1.19	1.27	-1.15	-0.71	-0.14	1.96	-1.14	-2.64	-0.72	-0.13	-0.17	-0.28	-0.83	-0.80	-0.36	-1.13	0.88	-0.55	-0.04	-1.59	-0.70	-1.41	1.38	-0.73	1.55	1.25	-0.38	0.45	-0.18	-0.81	-0.80	-0.41	1.25	-0.20	-0.68	0.00	-0.70	0.19	-0.37	-0.50	-0.82	-0.33	0.00	0.97	1.33	RB 	NN 
ACA-FT1-003	-1.04	1.56	1.60	-0.65	0.63	-1.14	0.25	-1.05	-0.02	-0.52	-1.06	-1.36	-0.67	-1.02	-0.24	-0.46	-0.70	0.45	-0.52	2.86	1.08	-0.64	2.56	0.84	-1.23	-0.62	-0.17	0.31	-1.10	-2.77	-0.72	-0.44	-0.50	-0.34	-1.11	-0.30	-0.73	-0.96	-0.50	0.32	0.42	-1.79	-0.28	-1.76	0.62	-0.71	2.02	2.25	-0.54	2.00	0.00	-1.05	-0.86	-0.17	1.25	-0.80	-1.68	0.00	-0.63	0.74	-0.51	-0.30	-0.82	-0.33	0.10	0.74	1.28	RB 	NN PHC [PASS] [PASTP] 
ACA-FT1-004	-0.50	0.54	1.55	0.06	1.13	1.05	3.56	-0.26	0.33	-0.52	-0.31	-0.40	0.78	-0.89	-0.47	-0.46	-0.30	1.16	0.48	1.50	1.76	-0.18	1.26	0.20	-0.24	-0.32	0.34	2.50	-0.02	-1.77	-0.70	-0.38	0.17	0.41	-1.06	0.54	0.91	-0.56	2.12	-1.61	-0.62	-0.74	-0.08	-0.92	0.85	-0.59	0.80	0.50	-0.29	0.18	0.00	-0.39	-0.60	-0.28	3.00	-0.10	0.28	1000.00	-0.52	0.26	-0.54	0.30	-0.82	0.00	-0.60	0.13	1.11		CONJ PRED TSUB [SERE] [SPIN] 
ACA-FT1-005	-0.54	0.33	1.75	-0.29	0.63	-0.18	2.00	-0.14	0.00	-0.48	0.44	-0.40	-0.06	-0.65	-0.11	-0.38	-0.55	1.73	0.24	1.93	1.42	0.82	2.59	0.52	-0.39	-0.35	0.23	1.65	-0.31	-2.22	-0.68	0.31	0.83	0.97	-0.34	0.61	0.18	-0.88	1.63	0.37	-0.51	-1.06	-0.30	-1.29	0.15	-0.72	1.11	0.50	-0.12	0.27	0.18	-0.68	-0.80	0.00	3.00	0.20	-0.20	1000.00	-0.63	1.23	-0.54	-0.30	-0.71	-0.17	0.05	0.16	1.28	RB 	PHC [SERE] [SPIN] 
ACA-HRG-001	-0.46	0.48	1.15	0.06	0.12	-0.05	2.69	-0.29	0.83	-0.52	0.44	-0.83	-0.78	-0.83	-1.13	-0.46	-0.70	1.80	-0.43	0.85	2.63	1.09	0.11	0.64	-0.61	-0.41	2.49	2.04	-0.17	-2.13	-0.72	-0.56	0.17	0.31	-0.43	-0.32	-0.27	-1.26	-0.38	-0.74	-1.20	-0.52	-1.03	-0.86	2.23	-0.72	2.26	3.25	-1.10	1.45	-0.24	-0.26	-0.83	-0.83	5.50	-0.30	0.20	0.00	-0.41	0.39	-0.51	-0.60	-0.29	-0.33	0.30	0.19	0.83	RB 	CONJ NOMZ POMD PRED [BYPA] [PASS] [PASTP] [SERE] 
ACA-HRG-002	-0.54	0.54	0.90	-0.24	-0.13	0.41	1.13	-0.79	0.33	-0.52	-0.63	-1.02	-0.94	-0.97	-0.92	-0.38	-0.65	1.17	0.05	1.31	2.92	0.18	0.96	0.98	-0.96	-0.68	1.57	2.19	-0.95	-2.15	-0.72	-0.81	-0.50	-0.45	-0.89	-0.93	-0.09	-1.23	-0.38	-0.16	-1.19	-0.45	-1.16	-0.63	2.31	-0.72	2.74	4.75	-1.40	-0.64	-0.06	-0.59	-0.83	-1.24	5.00	-0.80	-0.20	0.00	-0.44	0.45	-0.63	-0.50	-0.76	-0.33	0.15	0.26	0.44	RB 	NOMZ PRED [BYPA] [PASS] [PASTP] [SERE] 
ACA-HRG-003	-0.19	0.88	1.35	-0.35	-0.63	0.50	0.63	0.07	0.10	-0.52	-0.06	-0.64	-1.22	-0.89	-1.26	0.08	-0.70	1.38	-0.43	1.15	2.30	1.09	0.63	0.52	-0.76	-0.47	2.37	1.92	-0.17	-2.03	-0.72	-0.75	-0.50	-0.03	-0.71	-0.41	-0.09	-1.28	0.13	-0.55	-1.13	-0.47	-1.11	-0.94	3.69	-0.73	3.29	4.00	-0.87	0.00	0.12	0.10	-0.71	-1.02	5.75	-0.60	0.60	0.00	-0.30	0.71	-0.63	-0.10	-0.82	-0.33	-0.20	-0.10	0.17	RB 	NOMZ POMD [BYPA] [PASS] [PASTP] [SERE] 
ACA-HRG-004	0.35	0.44	1.88	-0.24	0.00	0.59	2.69	-0.14	0.79	-0.52	-0.13	-0.36	-0.50	-1.00	0.00	-0.46	-0.70	2.10	-0.48	1.23	1.74	1.36	0.78	0.52	-1.07	-0.38	0.49	2.04	-0.36	-2.17	-0.72	-0.75	-0.17	0.03	-0.91	-0.36	-0.27	-1.22	0.38	0.08	-1.19	-0.30	-0.98	-0.81	1.46	-0.73	2.18	0.75	-1.00	0.64	-0.29	-0.72	-0.86	-0.89	5.00	-0.60	-0.20	0.00	-0.74	2.06	-0.66	-0.40	-0.53	-0.33	1.35	0.58	1.50	RB 	CONJ JJ PRED [PASS] [SERE] [SUAV] 
ACA-HRG-005	-0.35	0.35	0.80	-0.18	0.25	0.41	1.63	-0.50	0.31	-0.52	-0.63	-0.55	-0.28	-1.00	-1.21	-0.31	-0.65	1.18	-0.48	1.66	2.27	0.18	0.41	0.47	-0.59	0.03	1.06	1.81	0.07	-1.91	-0.72	-0.50	-0.33	0.07	-0.57	-0.14	-0.27	-1.25	0.38	-0.45	-1.19	-0.46	-1.13	-0.84	1.46	-0.73	2.41	0.50	-1.04	0.45	-0.24	-0.52	-0.83	-1.04	3.75	-0.30	-0.44	0.00	-0.48	0.94	-0.68	-0.30	-0.65	-0.33	0.30	0.10	1.06		NOMZ [PASS] [SERE] 
ACA-HRG-006	-0.54	0.25	0.95	-0.06	-0.13	1.18	1.88	-0.98	0.25	-0.52	0.00	-0.76	-0.56	-1.02	-1.42	-0.38	-0.65	1.30	-0.33	1.44	1.99	1.36	1.33	0.41	-0.51	-0.59	2.03	2.23	-0.76	-2.02	-0.72	-0.44	-0.33	-0.24	-0.66	-0.79	-0.09	-1.22	0.38	-0.12	-1.22	-0.43	-1.00	-0.92	3.69	-0.73	2.76	1.25	-1.38	-0.18	0.06	-0.77	-0.80	-0.93	1.50	-0.40	0.12	0.00	-0.37	0.19	-0.61	-0.20	-0.59	-0.33	-0.20	0.74	1.06	RB 	POMD PRED [BYPA] [PASS] 
ACA-HWV-001	-0.77	2.00	1.75	-0.18	1.50	-0.77	1.38	-0.98	-0.60	-0.52	-0.13	-0.83	0.00	-0.86	-0.16	-0.46	-0.65	1.56	-0.76	3.39	1.69	0.00	2.85	1.48	-1.27	-0.79	-0.43	0.69	-1.07	-2.77	-0.72	1.44	0.00	-0.45	-1.00	-1.41	-0.36	-1.23	1.25	-0.60	0.18	-1.87	-0.87	-1.78	1.23	-0.73	1.62	2.75	-0.71	0.27	-0.24	-0.67	-0.57	-0.83	4.25	-0.80	-0.68	0.00	-0.67	-0.13	-0.66	-0.40	-0.71	-0.33	0.45	0.10	0.28	RB 	NN PHC [PASTP] [SERE] 
ACA-HWV-002	-1.04	1.00	1.55	-0.06	0.63	-1.14	1.81	0.60	-0.96	-0.52	0.06	-1.00	-1.22	-0.84	-1.03	-0.46	0.85	3.44	-1.00	3.48	0.63	1.91	3.33	2.74	-1.45	-0.62	-1.06	0.19	-1.33	-2.73	-0.72	0.87	-0.50	-0.79	-1.20	-2.11	-0.73	-1.33	-0.50	0.03	-0.06	-1.57	-1.05	-2.11	2.54	-0.73	2.79	2.25	-0.27	1.27	1.82	-0.43	-0.86	-0.09	2.25	-0.80	-1.80	0.00	-0.74	-0.94	-0.76	-0.60	-0.82	-0.33	-1.05	0.52	0.28	RB TO [BEMA] 	JJ NN PHC PIN [BYPA] [PASS] [PASTP] [SERE] 
ACA-HWV-003	-1.04	2.33	2.20	-0.65	1.00	1.23	2.50	2.00	0.13	-0.52	-1.25	-0.26	0.22	-1.04	-1.50	-0.46	-0.70	1.64	2.76	3.06	1.98	0.27	3.59	0.03	-1.45	-0.91	1.71	3.73	-0.40	-2.39	-0.72	0.56	-0.50	0.66	-1.49	0.14	0.45	-1.04	4.38	1.13	-1.32	-0.43	-0.54	-0.49	0.38	-0.66	1.12	-0.25	-0.40	-0.64	0.18	-0.47	-0.86	-1.19	3.00	0.50	2.00	0.00	-0.26	0.74	-0.76	-0.60	-0.82	1.83	-0.40	0.03	2.00	RB 	ANDC AWL CONJ NEMD NN PHC PRED TSUB [SERE] 
ACA-HWV-004	-0.54	0.54	2.85	-0.65	1.75	-0.55	4.69	0.02	-0.90	-0.39	0.19	-0.95	0.06	-1.00	-0.74	-0.46	-0.70	4.16	-0.24	1.95	2.31	0.00	2.19	0.92	-1.04	-0.74	0.17	0.42	-0.71	-2.38	-0.67	-0.06	-0.50	-0.03	-0.20	-0.95	0.45	-1.19	0.75	1.28	-0.64	-1.04	-0.82	-1.76	2.85	-0.73	1.03	1.25	0.38	-0.36	-0.41	-0.21	-0.86	-0.17	1.25	-0.20	0.00	0.00	-0.63	0.32	-0.68	-0.30	-0.82	0.17	-0.55	0.84	0.56	RB 	AWL CONJ JJ NOMZ PHC [BYPA] 
ACA-HWV-005	-0.77	0.38	1.75	-0.24	1.38	0.05	2.06	0.10	-0.13	-0.52	0.06	0.62	0.06	-0.89	-0.18	-0.46	-0.45	2.52	1.14	1.97	1.57	0.36	1.26	-0.20	-0.56	-0.71	2.91	2.96	-0.83	-2.31	-0.70	0.87	0.33	1.28	-0.83	-0.02	1.36	-1.00	4.75	1.33	-0.88	-0.58	-0.28	-0.93	2.08	-0.73	1.18	0.25	-0.65	-0.45	-0.29	-0.56	-0.66	-0.07	2.00	0.80	-0.52	0.00	-0.74	0.19	-0.54	-0.40	-0.53	0.50	-0.25	-0.42	-0.11	RB 	CONJ JJ POMD PRED TSUB [BYPA] 
ACA-HWV-006	-0.58	-0.04	2.50	0.29	2.75	-0.41	5.56	-0.50	-0.48	-0.52	0.94	-1.05	1.17	-0.88	-1.24	-0.46	-0.50	3.19	-0.10	2.74	1.26	0.82	4.52	1.02	-1.13	-0.68	-0.20	2.38	-0.69	-2.16	-0.72	6.00	-0.50	-0.34	-0.71	-1.20	0.00	-1.26	1.50	0.03	-0.42	-1.54	-0.82	-1.46	-0.31	-0.73	0.61	1.75	-0.75	-0.27	-0.35	-0.94	-0.74	-0.78	-0.25	0.00	-1.56	0.00	-0.74	-0.68	-0.66	-0.20	-0.59	-0.33	-0.10	-0.06	1.50	RB 	AWL CONC CONJ JJ NN PHC PRED SYNE 
ACA-HWV-007	-0.77	1.06	3.35	-0.06	1.00	-0.68	2.94	-0.17	-0.81	-0.52	-1.06	-0.24	0.06	-1.04	-0.89	-0.46	-0.70	3.12	-0.05	3.03	1.69	1.18	3.52	0.23	-0.94	-0.44	3.23	1.88	-1.17	-1.93	-0.72	-0.63	0.67	-1.03	-0.26	-1.36	-0.09	-1.20	4.00	0.89	-1.13	-0.78	-0.80	-1.42	0.38	-0.73	0.50	1.50	-0.63	0.00	-0.41	-1.22	-0.77	-0.76	2.25	0.80	-0.08	0.00	-0.74	-0.10	-0.76	-0.30	-0.82	-0.33	0.45	0.16	0.39		AWL CONJ JJ NN PHC POMD TSUB [SERE] 
ACA-HWV-008	-0.65	1.27	1.65	0.18	1.13	-0.68	1.38	-0.40	-0.67	-0.52	0.88	-0.36	-0.17	-0.88	-0.58	-0.46	0.00	2.04	-0.10	3.19	0.78	1.27	3.89	-0.19	-0.37	-0.35	0.40	0.58	-0.52	-2.01	-0.62	-0.44	0.33	0.03	-0.66	-0.61	0.55	-0.88	-0.50	2.62	-0.73	-1.02	-0.30	-1.46	0.85	-0.73	1.38	5.75	-0.27	0.27	-0.29	-0.58	-0.71	-0.80	2.25	-0.30	-0.48	0.00	-0.74	0.00	-0.41	-0.60	-0.53	-0.33	-0.35	0.42	0.44	RB 	JJ NN PHC TTR [PASTP] [SERE] 
ACA-HWV-009	-0.96	0.96	1.67	-0.47	1.63	-0.09	1.44	-0.45	-0.27	-0.43	-0.50	-0.36	-0.39	-0.97	-0.13	-0.46	-0.55	0.95	0.57	2.97	1.24	0.45	1.26	0.81	-0.52	-0.32	-0.14	2.08	-0.55	-2.18	-0.70	-0.25	0.33	0.59	-0.06	-0.07	0.64	-1.08	2.63	1.23	-0.45	-1.10	-0.69	-1.26	0.77	-0.68	0.94	1.50	0.04	0.00	0.18	-0.66	-0.86	-0.20	3.00	-0.10	-0.12	0.00	-0.63	0.29	-0.56	-0.40	-0.65	0.17	-0.40	0.32	0.06	RB 	NN PRED TSUB [SERE] 
ACA-HWV-010	-0.54	1.13	1.98	0.06	0.50	-0.45	2.38	-0.24	-0.65	-0.52	0.75	-0.67	0.00	-0.74	-0.50	-0.46	-0.55	1.94	-0.19	2.93	1.17	1.27	2.11	0.61	-0.77	-0.62	-0.11	1.92	-0.48	-2.53	-0.71	0.00	0.17	0.31	-0.26	-1.04	0.45	-1.00	1.13	-0.98	-0.23	-1.20	-0.52	-1.22	0.15	-0.73	1.30	1.00	-0.33	-0.09	0.41	-0.44	-0.66	-0.28	1.75	-0.10	-0.60	0.00	-0.67	0.52	-0.61	-0.10	-0.76	0.00	-0.45	0.13	0.94	RB 	CONJ NN PHC 
ACA-HXH-001	-0.65	0.77	0.60	0.12	-0.13	0.91	2.00	-0.24	0.04	-0.52	0.88	-0.33	-0.44	-0.85	-0.55	-0.46	-0.55	0.25	0.81	0.15	1.59	1.82	1.78	0.25	0.35	-0.21	1.71	1.62	-0.26	-1.69	2.86	-0.75	0.33	0.21	-0.63	1.96	-0.27	-1.05	-0.13	0.41	-1.27	-0.32	-0.34	-1.25	0.15	-0.62	-0.06	2.00	-0.77	0.36	1.12	0.05	-0.31	0.67	4.50	0.00	-1.00	0.00	-0.26	1.06	-0.27	2.00	0.06	1.83	1.00	-0.16	0.78		SPP2 [SERE] 
ACA-HXH-002	-0.58	0.90	0.32	0.24	0.00	1.55	3.69	-0.52	-0.17	-0.48	0.00	0.10	-0.11	-0.91	-0.55	-0.38	-0.70	0.16	0.52	0.67	0.48	0.64	1.15	-0.06	0.32	-0.59	2.54	2.19	0.24	-1.52	3.09	-0.94	-0.17	-0.59	-0.34	1.73	-0.55	-1.01	0.00	-0.60	-1.13	-0.41	-0.61	-0.97	0.15	-0.66	-0.47	1.25	-0.60	0.36	0.47	0.19	-0.60	0.28	5.50	-0.30	-0.44	0.00	-0.33	0.42	-0.24	1.50	-0.24	-0.17	0.15	0.13	0.06		CONJ POMD PRED SPP2 [SERE] 
ACA-HXH-003	-0.92	0.83	0.85	0.35	-0.13	1.45	4.00	0.00	0.48	-0.22	-0.50	0.00	1.00	-0.76	-0.82	-0.38	-0.70	0.18	-0.43	0.15	1.90	0.73	0.78	-0.13	0.45	-0.03	1.80	1.65	-0.29	-1.64	2.02	-0.31	0.67	0.14	-0.86	0.70	-0.45	-0.99	-0.38	-0.12	-1.00	-0.24	-0.74	-0.97	-0.54	-0.67	-0.05	1.50	-1.00	0.82	0.82	0.39	-0.63	0.72	3.25	0.50	-0.60	0.00	-0.44	-0.06	-0.12	1.60	-0.53	1.17	0.65	-0.13	-0.33		CONJ SPP2 [SERE] 
ACA-HXH-004	-0.50	0.81	1.10	0.06	0.38	0.27	4.94	0.62	0.21	-0.52	0.62	0.00	0.00	-0.62	0.63	-0.23	-0.70	1.29	0.86	0.20	0.67	1.73	0.85	-0.07	0.20	0.09	1.34	2.23	-0.33	-1.35	1.27	-0.38	0.00	0.14	-0.66	0.57	1.36	-0.81	0.38	-1.03	-1.20	-0.18	0.13	-0.99	0.31	-0.61	0.48	0.75	-0.56	0.82	0.53	0.14	-0.74	0.89	7.00	0.80	0.24	0.00	-0.37	0.26	-0.20	1.40	-0.24	-0.33	0.40	-0.16	0.61		CONJ PRED [SERE] 
ACA-HXH-005	-0.50	0.96	0.75	0.82	1.25	-0.32	3.00	0.29	-0.10	-0.52	-0.25	0.05	-1.00	-0.83	0.21	-0.38	-0.55	0.24	1.10	0.48	1.28	0.45	1.78	0.29	0.42	-0.12	0.94	1.77	-0.29	-1.36	1.46	-0.81	1.33	0.10	-0.71	0.14	0.91	-0.95	0.13	-0.69	-1.09	-0.41	-0.36	-1.02	0.54	-0.61	0.39	1.75	-0.52	1.00	0.76	-0.25	-0.66	0.48	4.50	-0.30	-0.68	0.00	-0.22	0.00	-0.49	1.20	-0.41	0.17	0.80	-0.23	0.11		CONJ [SERE] 
ACA-HXH-006	-0.54	0.90	0.63	1.06	1.00	-0.23	4.44	0.10	0.44	-0.39	0.19	-0.21	0.39	-0.74	0.45	-0.08	-0.70	0.49	0.38	0.36	0.49	0.09	0.96	-0.44	0.55	-0.32	1.14	1.46	-0.52	-1.16	0.78	-0.13	1.17	0.03	-0.89	1.30	-0.45	-0.91	0.13	-1.17	-1.10	-0.03	0.00	-0.89	0.15	-0.61	0.41	2.50	-0.23	0.09	0.18	0.30	-0.71	1.15	7.00	1.00	-0.16	0.00	-0.48	0.29	-0.24	2.20	-0.06	0.00	1.75	-0.45	0.00		CONJ [PASTP] [SERE] [WHCL] 
ACA-J7G-001	-0.73	1.00	1.07	0.65	1.13	-0.32	3.06	0.45	0.81	-0.43	0.62	-0.48	1.06	-0.17	0.61	-0.46	-0.70	2.00	0.43	0.60	1.51	0.73	2.56	0.13	0.44	-0.03	0.60	2.31	-0.81	-2.03	-0.70	-0.44	-0.17	-0.10	0.09	0.13	-0.18	-1.13	0.00	-0.93	-1.23	0.00	-0.30	-0.86	0.92	-0.73	0.73	0.75	-0.90	1.00	-0.24	-0.48	-0.74	-0.56	5.25	0.20	-0.16	0.00	-0.59	0.45	-0.46	0.00	-0.71	0.33	1.10	-0.35	0.33	RB 	CONJ PHC PRED [SERE] 
ACA-J18-002	0.08	0.19	1.85	-0.47	2.38	-0.59	5.94	0.12	0.21	-0.52	0.81	-0.31	2.44	-1.00	-0.50	-0.31	-0.60	1.77	-0.57	2.02	1.69	2.82	2.52	1.53	-0.56	0.47	0.74	1.42	-0.57	-1.86	-0.72	-0.31	-0.17	0.41	-0.23	-1.05	-0.18	-1.09	2.88	1.04	-1.00	-0.72	-0.70	-1.46	1.23	-0.73	1.35	2.75	-0.12	0.18	0.41	-0.84	-0.71	-0.39	4.75	2.50	-0.04	0.00	-0.33	-0.10	-0.56	-0.30	-0.71	0.50	-1.05	-0.03	0.11		CONC CONJ EX NN OSUB PHC TSUB [PASTP] [SERE] [SMP] 
ACA-J18-003	-0.73	0.15	1.37	-0.12	2.38	-0.77	2.13	-0.90	-0.40	-0.52	0.44	-0.45	1.33	-1.03	-0.16	-0.46	-0.60	1.10	-0.76	2.65	0.32	2.09	3.41	0.70	-0.34	0.53	0.57	1.08	-1.14	-1.57	-0.72	0.00	0.33	0.17	0.69	-1.14	-0.45	-0.87	0.50	1.81	-0.67	-0.85	-0.62	-1.35	1.92	-0.73	1.41	3.25	0.81	0.36	-0.06	-0.97	-0.71	-0.61	5.50	1.60	0.60	0.00	-0.63	0.00	-0.61	-0.40	-0.82	-0.33	-0.65	-0.16	0.61		CONC CONJ NN OSUB PHC [PASTP] [SERE] 
ACA-J18-004	-0.62	-0.23	1.10	0.35	2.50	-0.64	2.75	-0.79	-0.08	-0.43	2.31	-0.17	1.28	-1.02	-0.08	-0.46	-0.65	0.98	-0.62	1.93	0.62	2.64	2.30	1.27	-0.27	-0.12	-0.37	1.42	-0.69	-1.94	-0.72	-0.69	-0.17	0.21	0.17	-0.70	-0.18	-1.09	0.75	1.28	-0.46	-1.13	-1.02	-1.36	0.69	-0.73	1.91	2.25	0.19	0.55	0.06	-1.06	-0.86	-0.87	4.50	0.20	-0.68	1000.00	-0.44	-0.39	-0.66	-0.60	-0.82	-0.17	-0.95	0.29	0.94		CONC CONJ DWNT OSUB PHC [PASTP] [SERE] [SPIN] 
ACA-J57-001	-0.85	0.75	1.50	-0.65	1.75	-0.77	1.75	-0.21	0.31	-0.52	2.37	1.50	0.78	-1.00	-0.66	-0.46	-0.65	1.84	-0.62	1.46	1.79	0.55	3.15	1.35	-0.34	-0.65	-0.06	2.96	-0.93	-2.19	-0.72	0.00	-0.50	-0.62	-0.91	-0.34	-0.09	-0.98	2.63	-0.84	-0.60	-0.86	-0.18	-0.53	0.69	-0.73	0.11	2.75	-0.25	0.82	0.29	-0.99	-0.74	-1.07	0.00	-0.40	-0.88	0.00	-0.59	-0.13	-0.59	-0.20	-0.65	-0.17	-0.80	-0.16	0.44	RB 	DWNT PHC PRED TSUB [PASTP] 
ACA-J57-002	-0.69	0.73	1.57	-0.65	1.63	-0.82	2.87	-0.71	-0.08	-0.52	0.56	-0.02	0.72	-0.89	-1.08	-0.46	-0.60	1.76	-0.57	0.69	1.72	0.73	4.81	0.26	0.48	-0.53	0.49	1.62	-0.29	-2.09	-0.72	0.31	-0.17	0.24	-0.66	0.98	0.73	-0.83	5.63	-1.22	-0.62	-0.67	-0.11	-1.00	1.77	-0.73	0.83	0.25	2.62	2.00	0.06	-0.35	-0.66	-0.31	0.75	0.30	-0.52	0.00	-0.59	-0.29	-0.17	-0.60	-0.82	2.33	-0.85	-0.45	0.33	RB 	CONJ PHC TSUB [PEAS] [WHQU] 
ACA-J57-003	-0.81	0.60	1.70	-0.06	1.63	-0.68	0.88	-0.60	0.08	-0.48	0.38	-0.29	0.50	-0.93	-0.84	-0.46	-0.50	1.18	-0.57	1.01	2.38	0.09	2.11	1.00	0.59	-0.38	-0.91	1.04	-0.76	-2.24	-0.70	-0.69	-0.50	-0.34	-0.66	1.45	0.09	-0.92	2.38	0.85	0.29	-1.53	-0.33	-1.44	0.77	-0.71	0.41	2.00	0.42	1.09	0.35	-0.68	-0.77	-0.30	0.50	-0.30	-1.00	0.00	-0.56	0.13	-0.56	-0.50	-0.82	0.33	-0.85	0.48	-0.28	RB 	NOMZ PHC TSUB 
ACA-J57-004	-0.46	0.27	1.57	-0.24	1.50	-0.36	2.69	-0.36	-0.13	-0.52	0.31	-0.31	1.00	-0.98	-1.24	-0.46	-0.70	1.10	-0.05	0.54	3.45	-0.18	2.04	1.00	0.86	-0.53	0.71	1.62	-0.38	-2.53	-0.72	2.75	0.00	-0.52	-0.49	0.57	1.27	-0.73	3.00	-0.16	-0.89	-0.60	-0.16	-1.07	2.69	-0.73	0.98	1.00	-0.06	1.00	-0.18	-0.25	-0.71	-0.35	1.75	-0.30	-0.80	0.00	-0.37	0.06	-0.63	0.10	-0.71	0.00	-0.90	0.19	0.50	RB 	CONJ NOMZ PHC SYNE TSUB [BYPA] 
ACA-J57-005	-0.69	0.31	1.27	-0.41	1.63	-0.73	2.69	-0.98	0.10	-0.52	0.75	0.90	1.33	-1.01	-1.05	-0.46	-0.70	0.92	-0.71	1.54	1.66	0.73	0.78	1.18	0.06	-0.47	-0.31	0.50	-0.19	-2.34	-0.72	0.19	-0.50	-0.45	-0.97	0.02	0.27	-0.89	1.13	-0.45	-0.47	-1.08	-0.70	-1.29	1.23	-0.72	0.89	1.00	-0.35	0.73	0.18	-0.77	-0.71	-0.76	1.25	0.00	-0.48	0.00	-0.56	1.65	-0.51	-0.30	-0.82	-0.17	-0.85	0.71	1.44	RB 	CONJ 
ACA-J18-001	-0.35	0.10	1.55	-0.18	3.38	-0.77	4.06	-0.60	-0.15	-0.48	0.56	-0.17	0.83	-1.03	-1.03	-0.31	-0.60	1.51	-0.71	2.94	-0.22	2.36	3.00	1.00	-0.35	0.21	0.60	2.08	-0.90	-1.68	-0.72	-0.38	0.17	-0.07	-0.80	-1.05	-0.45	-0.84	1.37	0.65	-0.98	-0.58	-0.69	-1.31	2.54	-0.73	1.33	2.25	-0.88	0.82	0.24	-0.89	-0.71	-0.94	9.75	1.20	-0.24	0.00	-0.56	-0.26	-0.71	-0.30	-0.65	-0.33	-1.00	0.16	1.11		CONC CONJ NN OSUB PHC PRED [BYPA] [PASTP] [SERE] 
ACA-A6U-001	-0.31	0.40	1.23	-0.29	-0.25	-0.27	1.00	-0.26	-0.15	-0.52	1.50	-0.71	-0.44	-0.87	1.95	-0.46	-0.70	1.93	-0.48	2.07	0.23	0.09	4.59	0.92	-0.04	-0.03	0.00	-0.31	-0.88	-1.86	-0.59	-0.69	0.83	-0.17	-0.31	-0.68	0.27	-0.60	-0.13	0.65	-0.35	-1.19	-0.67	-1.67	0.46	-0.71	0.35	1.75	-0.81	0.91	0.53	-0.86	-0.69	-0.41	3.25	2.80	-0.76	0.00	-0.33	-0.23	-0.61	0.00	-0.65	1.00	0.60	0.16	0.33		NN PHC [SERE] [SMP] 
CORPUS	-0.44	0.60	1.26	-0.06	0.74	0.07	2.91	0.13	0.16	-0.46	0.36	-0.25	0.17	-0.81	-0.68	-0.40	-0.57	1.19	-0.00	1.31	1.54	0.82	2.20	0.65	0.03	-0.29	0.71	1.67	-0.36	-1.97	-0.54	0.02	0.26	0.21	-0.52	0.07	0.50	-0.76	1.15	-0.02	-0.70	-0.80	-0.44	-1.11	1.26	-0.70	0.97	1.62	-0.34	1.08	0.23	-0.49	-0.67	-0.43	3.26	0.25	-0.13	369.75	-0.45	0.25	-0.46	-0.02	-0.47	0.29	0.24	0.03	0.45		CONJ PHC [SERE] [SPIN] 