Filename	AMP	ANDC	AWL	CAUS	CONC	COND	CONJ	DEMO	DEMP	DPAR	DWNT	EMPH	EX	FPP1	GER	HDG	INPR	JJ	NEMD	NN	NOMZ	OSUB	PHC	PIN	PIT	PLACE	POMD	PRED	PRMD	RB	SPP2	SYNE	THAC	THVC	TIME	TO	TOBJ	TPP3	TSUB	TTR	VBD	VPRT	XX0	[BEMA]	[BYPA]	[CONT]	[PASS]	[PASTP]	[PEAS]	[PIRE]	[PRESP]	[PRIV]	[PROD]	[PUBV]	[SERE]	[SMP]	[SPAU]	[SPIN]	[STPR]	[SUAV]	[THATD]	[WHCL]	[WHOBJ]	[WHQU]	[WHSUB]	[WZPAST]	[WZPRES]	Underused_variables	Overused_variables	
FIC-AB9-002	0.04	1.21	-0.32	-0.24	0.25	0.32	-0.06	-0.50	0.44	0.17	-0.13	0.19	-0.33	-0.05	-1.05	-0.31	-0.60	-0.09	0.00	0.08	-0.48	0.91	0.78	-0.66	0.35	0.12	-0.43	1.73	0.40	-1.07	0.16	0.38	1.33	-0.41	-0.26	0.66	0.09	1.97	1.00	0.99	1.27	-1.17	0.70	-0.74	-0.46	0.32	-0.48	1.50	0.67	0.18	2.00	0.56	-0.09	0.06	0.75	-0.10	-0.72	0.00	0.11	1.00	0.76	0.60	-0.53	3.17	-0.15	-0.81	0.50		[WHQU] 
FIC-AB9-003	0.31	1.21	-0.22	-0.24	0.50	0.45	0.13	-0.74	-0.13	-0.13	0.50	-0.62	-0.33	-0.53	-0.87	-0.46	-0.45	0.22	-0.24	0.28	-0.68	0.82	0.56	-0.81	-0.20	0.59	0.00	1.35	0.17	-0.83	-0.28	0.38	-0.17	-0.24	-0.23	0.77	1.00	2.30	0.13	0.27	1.55	-1.72	0.15	-1.06	0.46	-0.03	-0.85	2.75	0.77	-0.18	2.82	-0.05	-0.20	-0.04	1.50	0.10	-0.52	0.00	0.30	0.94	0.15	-0.10	0.00	0.50	0.25	-0.74	1.44		TPP3 [PASTP] [PRESP] 
FIC-AB9-004	0.42	1.31	-0.32	-0.35	0.00	-0.05	-0.44	-0.88	0.08	-0.04	0.19	-0.02	-0.06	-0.30	-1.29	-0.08	-0.40	-0.43	0.00	0.24	-0.70	1.00	0.74	-0.79	0.31	0.12	-0.20	1.31	1.02	-0.76	0.06	0.19	0.33	-0.55	-0.57	0.29	0.00	2.22	0.25	0.61	1.74	-1.59	0.28	-0.96	-0.38	0.17	-0.61	1.75	1.38	-0.09	2.53	0.69	-0.29	-0.15	1.25	0.00	-0.32	0.00	0.04	0.97	0.93	0.60	-0.53	1.00	0.45	-0.55	0.39		TPP3 [PRESP] 
FIC-AB9-005	0.73	0.90	-0.73	-0.47	0.63	1.68	-0.12	0.05	0.00	0.17	0.00	0.14	0.78	0.54	-0.97	-0.23	-0.05	0.18	-0.24	-0.42	-0.83	0.27	-0.30	-0.96	0.62	-0.15	0.77	0.08	1.40	-0.86	0.44	-0.06	-0.50	-0.45	0.66	0.50	-0.45	1.76	-0.50	0.80	1.17	-1.08	1.02	-0.78	-0.08	0.56	-0.86	1.50	0.73	-0.36	1.35	0.79	-0.03	0.04	0.50	-0.80	-1.56	0.00	0.48	1.06	0.93	1.70	-0.82	-0.33	-0.40	-0.39	-0.33		
FIC-AB9-006	0.54	1.29	-0.60	-0.12	-0.25	0.18	-0.56	-0.29	0.50	0.74	0.56	0.17	0.39	0.02	-0.63	-0.23	-0.40	-0.45	-0.43	0.27	-0.88	0.18	0.04	-0.70	1.49	0.03	0.66	1.19	1.57	-1.01	0.04	0.00	0.50	-0.55	0.17	0.77	0.82	1.29	0.25	1.81	1.22	-1.33	0.75	-0.68	-0.15	0.49	-0.44	1.25	1.08	-0.09	0.59	0.06	0.23	0.35	1.25	0.70	-1.60	0.00	0.33	0.84	0.44	0.30	-0.82	2.17	-0.90	-0.42	-0.06		[WHQU] 
FIC-AB9-007	-0.65	1.23	-0.25	0.41	-0.63	0.36	0.00	-0.40	0.23	0.57	0.00	-0.10	0.72	0.07	-1.08	0.15	-0.40	-0.37	-0.05	0.15	-0.51	1.00	0.41	-0.62	0.39	0.41	0.46	0.96	0.38	-0.99	0.05	-0.19	1.17	0.00	-0.37	1.36	0.18	1.54	-0.25	1.13	1.18	-1.19	0.52	-1.08	-0.31	0.20	-0.48	1.75	0.27	0.09	0.88	0.77	-0.03	-0.48	1.25	0.20	0.16	0.00	0.48	1.45	0.44	1.20	-0.35	1.00	0.10	-0.61	0.11		
FIC-AB9-008	0.08	1.44	-0.55	-0.18	0.50	0.23	-0.19	-0.52	0.23	0.13	0.00	0.19	-0.17	-0.07	-0.55	0.08	-0.25	-0.37	-0.48	-0.14	-0.72	0.27	0.26	-0.80	0.86	0.41	-0.23	0.88	1.50	-1.00	-0.03	-0.06	1.00	0.17	0.14	1.23	0.82	1.81	0.38	0.85	1.45	-1.42	0.82	-0.81	-0.23	0.45	-0.32	1.75	1.73	0.09	1.35	0.62	-0.17	0.37	1.50	0.40	0.04	0.00	-0.11	1.16	0.71	0.50	-0.65	2.33	-0.30	-0.42	0.44		[WHQU] 
FIC-AC2-001	0.15	-0.10	0.45	0.06	-0.25	0.14	0.38	-0.76	-0.52	0.70	-0.50	0.17	-0.39	-0.85	0.11	-0.46	-0.25	0.73	-0.43	1.44	0.08	0.73	1.48	-0.20	0.32	0.79	-0.34	0.77	-0.17	-1.62	-0.12	-0.50	-0.50	-0.07	-0.43	0.95	0.36	0.37	-0.50	1.13	1.05	-1.92	-0.30	-1.37	0.77	-0.43	-0.20	1.25	1.23	-0.09	2.12	-0.38	-0.86	-0.30	5.00	-0.50	0.24	0.00	-0.41	0.55	-0.24	0.90	-0.82	-0.33	1.85	-0.52	2.00		[PRESP] [SERE] 
FIC-AC2-002	-0.73	0.35	-0.32	-0.18	-0.63	0.50	-0.56	-0.36	0.15	0.83	-0.19	-0.02	-0.44	-0.01	-0.74	0.00	-0.30	-0.20	-0.05	0.65	0.59	0.91	0.19	-0.77	0.92	0.74	0.66	1.54	2.07	-1.37	0.54	0.31	-0.50	-0.17	-0.11	0.45	2.55	0.47	-0.50	-0.02	0.03	-0.86	0.67	-0.59	0.23	0.73	-0.56	1.25	0.02	-0.36	0.06	-0.65	0.03	-0.07	1.25	-0.50	0.16	0.00	0.07	-0.03	-0.22	0.20	-0.65	3.33	-0.05	-0.71	0.22		PRMD TOBJ [WHQU] 
FIC-AC2-003	0.12	-0.13	-0.18	-0.53	-0.13	0.36	-0.62	-0.98	0.15	0.00	0.19	0.50	-0.44	-0.52	-0.45	-0.08	-0.25	-0.22	0.19	0.53	-0.21	0.18	0.74	-0.60	0.08	0.74	-0.66	0.77	0.43	-1.15	0.29	0.69	0.33	0.14	0.71	1.23	0.36	2.01	-0.50	0.94	1.45	-1.57	0.20	-1.00	-0.08	-0.05	-0.58	1.50	0.85	-0.18	3.35	-0.19	-0.46	0.69	5.00	-0.60	1.12	0.00	-0.30	1.26	-0.20	0.50	-0.29	0.50	0.80	-0.58	-0.39		TPP3 [PRESP] [SERE] 
FIC-AC2-004	-0.96	0.06	0.35	-0.35	0.25	0.00	0.38	-0.83	-0.21	-0.30	-0.13	-0.48	-0.44	-0.42	-0.29	-0.31	-0.60	0.11	-0.48	1.25	0.65	0.09	1.85	-0.35	0.00	0.24	-0.69	0.46	0.79	-1.68	-0.20	-0.06	0.67	0.34	-0.11	1.13	2.00	0.56	-0.25	1.09	0.80	-1.48	0.13	-1.31	0.46	0.06	0.30	0.25	0.27	-0.18	1.41	-0.50	-0.60	0.81	2.50	-0.10	0.00	0.00	0.04	1.26	-0.10	0.80	-0.71	1.50	0.10	-0.45	0.89		[SERE] 
FIC-AC2-005	-0.54	0.40	-0.08	-0.65	-0.63	-1.14	0.06	1.45	0.10	0.87	0.38	0.48	-0.50	-0.60	0.68	-0.46	0.60	-0.57	-1.00	1.03	0.00	-0.36	0.41	-0.49	0.17	0.03	-0.91	0.15	1.88	-1.51	-0.21	-0.69	-0.50	0.62	-0.03	1.11	2.18	1.18	-0.50	0.56	0.77	-1.33	-0.56	-1.09	-0.15	0.10	-0.68	-0.25	1.92	-0.09	0.94	-0.68	0.80	0.59	1.25	-0.80	1.40	0.00	-0.04	1.74	-0.29	-0.60	-0.47	5.00	0.25	-0.81	-0.17		TOBJ [WHQU] 
FIC-AC2-006	-0.42	0.48	-0.58	-0.65	-0.25	0.18	-0.12	-0.64	0.81	0.74	0.19	0.83	0.61	0.33	-0.05	-0.23	-0.35	-0.56	-0.24	-0.01	-0.14	0.00	1.15	-1.77	0.99	0.53	0.57	1.08	2.62	-1.26	0.84	-0.44	0.00	-0.79	0.00	0.43	-0.45	1.11	-0.13	1.23	0.83	-0.55	1.23	-0.75	-0.08	1.38	-0.56	1.50	-0.60	-0.64	0.35	0.46	0.34	1.65	2.25	0.50	-1.16	7000.00	-0.15	1.39	0.83	1.40	-0.65	5.17	-0.25	-0.81	0.72		PRMD [SERE] [SPIN] [WHQU] 
FIC-AC2-007	-0.12	0.71	0.10	-0.35	-0.25	1.14	0.06	-0.48	0.02	0.52	-0.25	1.07	-0.94	0.24	-0.11	-0.23	-0.45	-0.16	-0.48	0.17	0.15	-0.45	1.96	-0.76	0.80	-0.38	-0.60	1.54	1.17	-1.34	0.71	-0.38	0.33	0.14	-0.37	0.91	0.27	0.80	-0.13	0.46	0.73	-0.85	0.72	-1.32	0.23	0.67	-0.06	1.75	0.77	0.36	0.82	-0.12	-0.17	1.15	1.00	-0.80	-0.72	0.00	0.63	0.94	-0.05	0.50	-0.65	3.67	1.20	-0.29	0.28		[WHQU] 
FIC-AC2-008	0.46	0.29	0.28	-0.65	-0.13	0.32	1.00	-0.67	0.60	0.17	-0.25	-0.48	-0.78	-0.12	-0.71	-0.46	-0.50	0.46	-0.05	1.05	0.26	0.91	1.37	-0.66	-0.28	-0.32	-0.66	-0.46	0.36	-1.51	0.28	-0.06	0.83	0.07	-0.14	1.70	1.09	0.51	0.50	0.70	1.05	-1.57	0.03	-1.74	0.00	-0.32	0.52	1.75	0.46	0.45	1.06	-0.03	-0.40	1.70	0.75	-0.40	-0.32	0.00	-0.59	0.97	0.02	0.60	-0.59	1.00	0.70	0.23	0.67		
FIC-AC2-009	0.08	0.23	0.52	-0.35	-0.63	0.41	0.44	-1.40	-0.29	0.04	-0.25	-0.36	-0.94	-0.59	-0.32	-0.23	-0.45	0.85	-0.76	1.53	0.09	-0.64	2.85	-0.01	-0.25	0.79	-0.97	-0.08	0.93	-1.92	0.07	-0.75	0.33	-0.24	0.34	0.75	0.45	0.72	-0.13	0.27	0.90	-1.68	-0.52	-1.42	0.85	-0.53	-0.41	-0.25	1.40	-0.36	0.53	-0.66	-0.63	0.33	2.50	0.00	-0.08	0.00	-0.33	0.68	-0.49	0.50	-0.53	1.50	0.80	-0.13	0.17		PHC [SERE] 
FIC-AC2-010	-0.38	-0.15	-0.32	-0.29	-0.63	0.41	-0.50	-1.50	0.50	0.96	-0.75	-0.74	-0.78	-0.28	-0.68	-0.15	-0.05	0.06	-0.81	0.84	0.00	-0.18	1.00	-0.43	-0.32	0.32	-0.03	0.00	1.10	-1.61	0.63	0.38	0.50	-0.41	0.03	0.63	0.00	0.97	-0.50	0.03	0.99	-1.15	0.79	-1.40	0.85	0.39	-0.20	1.75	0.83	-0.64	1.53	-0.53	0.06	0.41	3.50	-0.80	-0.16	0.00	0.04	0.42	-0.20	-0.40	-0.35	2.17	1.05	-0.61	-0.67		[SERE] [WHQU] 
FIC-BMW-001	-0.19	0.42	-0.38	-0.29	0.00	0.05	-0.31	-0.90	-0.46	0.00	0.62	0.12	-0.11	-0.65	-0.34	-0.23	-0.20	-0.05	-0.52	0.57	-0.83	0.45	0.56	-0.44	1.07	0.53	0.11	0.77	0.07	-0.77	-0.12	-0.06	0.50	-0.79	0.11	0.52	0.73	2.04	2.75	1.62	1.42	-1.70	0.38	-0.91	-0.23	-0.05	-0.52	2.00	1.90	-0.09	1.82	-0.07	-0.37	-0.44	0.50	1.20	-0.20	1000.00	0.37	0.26	-0.02	0.60	-0.53	1.50	0.55	-0.58	0.06		TPP3 TSUB [SPIN] 
FIC-BMW-002	0.12	0.15	-0.95	-0.53	1.25	-0.14	0.00	-0.69	0.02	0.43	0.31	0.17	0.28	0.22	-1.13	-0.46	-0.10	-0.79	-0.43	-0.55	-0.65	0.45	0.04	-0.90	1.01	0.41	0.40	1.54	0.81	-0.89	0.91	0.81	-0.50	-0.45	0.66	0.55	0.18	2.41	0.38	1.09	1.50	-1.22	1.43	-0.75	-0.23	0.47	-0.70	0.25	1.17	-0.45	2.47	0.24	0.06	0.52	0.25	0.90	-0.40	0.00	-0.30	0.68	0.71	0.10	-0.41	2.50	-0.55	-0.74	0.61		TPP3 [PRESP] [WHQU] 
FIC-BMW-003	0.31	0.71	-0.75	-0.12	1.63	1.36	-0.31	-0.69	0.19	-0.04	2.00	-0.21	0.72	-0.11	-0.97	0.08	-0.15	-0.46	-0.29	0.14	-0.69	1.27	0.67	-0.90	1.03	1.09	0.46	2.65	0.55	-1.19	0.54	0.06	-0.17	-0.90	0.14	0.41	-0.09	1.96	1.75	1.81	1.17	-1.12	0.70	-0.47	-0.15	0.36	-0.56	0.75	2.29	0.36	1.06	0.40	-0.17	-0.37	0.25	0.50	-0.04	0.00	0.07	0.03	0.68	0.90	-0.71	1.83	0.05	-0.61	-0.50		PRED [PEAS] 
FIC-BMW-004	-0.54	0.58	-1.03	-0.18	1.38	1.00	-0.44	-0.88	0.02	0.04	0.38	0.86	0.50	0.27	-1.24	0.15	0.60	-1.01	1.00	-0.35	-0.81	0.27	0.48	-1.20	1.87	0.00	0.94	2.50	1.38	-0.93	0.77	0.25	-0.50	-0.86	0.74	1.14	-0.73	1.99	0.50	0.94	1.35	-1.04	1.16	0.36	0.00	0.98	-0.62	-0.25	1.19	-0.36	0.65	1.13	-0.40	0.44	0.50	1.00	-0.64	5000.00	-0.07	0.90	1.34	-0.10	-0.53	3.50	-1.05	-0.55	0.39		PRED [SPIN] [WHQU] 
FIC-BMW-005	-0.73	0.60	-0.65	-0.47	0.38	1.09	-0.44	-1.45	-0.50	-0.04	1.81	0.19	0.28	-0.53	-0.47	-0.23	-0.45	-0.73	-0.62	0.73	-0.97	-0.45	1.89	-0.73	0.89	1.32	0.23	1.65	1.07	-1.35	0.13	0.63	0.00	-1.03	-0.54	0.89	-0.27	2.23	0.13	1.13	1.37	-1.60	0.75	-1.17	-0.23	0.14	-0.55	2.50	0.35	-0.36	2.12	-0.34	-0.54	-0.06	1.75	1.70	-1.12	0.00	-0.15	0.13	-0.02	0.20	-0.65	2.00	0.30	-0.35	0.94		TPP3 [PASTP] [PRESP] 
FIC-BMW-006	-0.12	0.48	-1.05	0.76	0.50	0.36	-0.31	-0.95	-0.23	0.09	1.25	0.69	-0.28	-0.18	-1.11	-0.31	-0.70	-1.02	0.24	0.05	-1.09	-0.27	1.52	-1.29	0.80	1.09	0.29	0.92	1.02	-0.77	0.73	0.00	-0.50	-0.97	0.66	1.09	-0.27	2.36	0.13	0.61	1.98	-1.65	1.11	-1.19	-0.23	0.20	-0.38	1.00	-0.25	-0.18	1.35	0.72	-0.17	0.24	0.25	1.10	-0.12	0.00	-0.30	0.97	1.61	1.10	-0.53	3.17	-0.80	-0.74	1.06		TPP3 [WHQU] 
FIC-BMW-007	0.35	0.71	-0.75	-0.41	2.38	1.36	-0.50	-1.50	-0.71	0.17	1.00	0.67	-0.33	-0.18	-0.61	-0.15	-0.50	-0.22	-0.05	0.11	-0.64	1.64	1.37	-0.71	1.17	-0.21	1.40	1.69	1.21	-1.17	0.25	-0.31	0.83	-1.00	-0.26	0.80	0.00	1.83	0.50	1.42	1.44	-1.57	0.74	-0.89	-0.62	0.15	-0.14	-0.25	0.40	-0.27	0.59	0.21	0.37	0.41	0.75	-0.80	-0.76	0.00	0.15	0.84	0.49	0.60	-0.82	3.67	0.15	-0.68	0.00		CONC [WHQU] 
FIC-BMW-008	0.19	-0.04	-0.67	-0.47	1.38	0.09	-0.44	-0.88	-0.40	0.52	1.25	0.43	0.44	-0.58	-0.58	-0.23	0.10	-0.41	-0.24	-0.29	-0.86	1.09	1.15	-0.67	0.14	0.91	0.03	1.38	0.40	-1.07	0.02	-0.06	0.83	-0.38	1.06	0.89	0.00	3.14	0.50	1.13	2.14	-1.82	0.54	-0.92	-0.23	-0.19	-0.92	0.50	0.10	-0.36	3.71	0.73	-0.54	0.26	0.50	1.10	-0.80	0.00	-0.04	1.48	0.88	-0.10	-0.82	3.33	-0.65	-0.65	0.33		TPP3 VBD [PRESP] [WHQU] 
FIC-BMW-009	0.12	0.35	-0.63	-0.65	1.75	0.32	-0.06	-0.98	-0.56	-0.26	0.50	-0.29	0.22	0.12	-0.95	-0.15	0.05	0.02	-0.19	0.64	-0.67	0.64	1.44	-0.44	0.03	-0.03	0.66	2.15	0.76	-1.49	0.49	0.44	1.00	-0.69	0.17	0.39	0.09	1.28	1.63	0.99	1.16	-1.47	1.00	-0.57	-0.15	0.06	-0.52	0.75	0.58	-0.27	1.06	0.18	-0.26	0.17	0.75	-0.20	-1.08	0.00	-0.59	0.65	0.20	-0.20	-0.47	2.17	0.15	-0.68	1.00		PRED [WHQU] 
FIC-BPA-001	-0.65	1.31	0.20	-0.65	0.00	-0.68	-0.75	-1.88	-0.15	-0.52	0.56	-0.45	-0.67	-1.02	-0.95	-0.46	-0.20	0.72	-1.00	2.18	-0.88	-0.45	2.00	0.67	0.34	1.82	-1.37	0.46	-1.21	-1.51	-0.64	-0.13	-0.50	-0.79	-0.09	-1.36	0.18	1.08	3.75	1.13	1.61	-2.14	-0.84	-1.54	0.15	-0.60	0.32	-0.25	-0.52	-0.18	2.00	-0.84	-0.71	-0.98	2.25	0.20	-0.84	5000.00	0.00	-0.29	-0.63	-0.60	-0.82	-0.33	-0.55	0.61	3.17	VPRT 	NN TSUB [SERE] [SPIN] [WZPRES] 
FIC-BPA-002	-0.58	1.13	0.38	-0.65	-0.63	-0.32	-0.38	-0.98	-0.58	-0.52	0.19	-0.67	3.00	-0.55	-0.45	0.46	0.45	-0.22	-0.71	1.65	-0.53	2.27	0.04	-0.33	1.18	0.65	-0.66	0.88	-0.50	-1.64	-0.25	0.75	-0.50	-0.72	-0.14	0.05	-0.73	0.44	2.38	1.62	1.31	-1.11	0.05	-1.14	0.77	-0.06	-0.39	5.50	-0.42	-0.09	2.18	-0.21	-0.51	-0.24	-0.25	0.40	-0.80	0.00	0.33	0.58	0.39	0.60	-0.82	2.67	-0.45	-0.61	1.39		EX OSUB TSUB [PASTP] [PRESP] [WHQU] 
FIC-BPA-003	-0.15	1.17	0.02	-0.47	0.25	-0.23	-0.56	-1.55	-0.33	-0.22	1.25	-0.21	-0.28	-0.86	-0.34	-0.23	0.30	0.04	-0.86	1.10	-0.33	1.18	0.85	-0.37	0.49	1.35	-0.23	0.38	-0.05	-1.44	-0.52	0.63	1.17	-0.34	-0.71	-0.09	-0.45	2.22	2.38	1.71	1.61	-1.95	-0.02	-1.75	-0.08	-0.38	-0.79	5.50	1.31	-0.64	3.53	-0.15	-0.57	-0.74	-0.25	-0.10	-1.00	0.00	0.00	0.03	-0.34	-0.60	-0.82	1.33	-0.70	-0.16	2.11		TPP3 TSUB [PASTP] [PRESP] [WZPRES] 
FIC-BPA-004	-1.04	1.04	0.73	-0.65	-0.63	-0.59	0.00	-1.79	-0.71	0.00	0.25	-0.64	-1.22	-0.90	-0.29	-0.46	-0.70	2.27	-0.43	1.83	-0.64	-0.91	0.52	0.33	0.23	3.97	-0.97	-0.88	-1.05	-1.64	-0.63	-1.06	-0.50	-1.14	-1.14	-1.80	-0.73	0.20	9.87	2.82	1.34	-2.09	-1.20	-2.47	1.23	-0.66	-0.73	8.75	-1.19	-0.64	2.88	-1.16	-0.86	-0.98	-0.25	0.40	-2.20	0.00	0.15	0.23	-0.46	-0.60	-0.82	-0.33	-1.05	1.87	3.72	VPRT [BEMA] [SPAU] 	JJ PLACE TSUB TTR [PASTP] [PRESP] [WZPRES] 
FIC-BPA-005	-0.73	2.40	-0.18	-0.65	-0.63	-1.14	-0.75	-1.98	-0.79	-0.52	-0.75	-0.93	1.00	-1.04	0.47	-0.46	-0.70	0.18	-0.62	0.91	-0.99	-0.18	-0.07	0.19	2.04	2.38	-0.74	-0.88	-1.14	-0.95	-0.72	-0.06	-0.50	-1.14	-0.80	-0.66	0.00	2.72	0.50	0.56	1.84	-2.20	-0.74	-1.72	0.00	-0.64	-1.21	-0.25	-0.58	0.82	7.41	-0.58	-0.63	-1.43	-0.25	-0.80	-1.88	0.00	1.93	0.10	0.22	-0.60	-0.82	-0.33	-1.05	-0.03	3.56	VPRT 	ANDC PIT PLACE TPP3 [PRESP] [WZPRES] 
FIC-BPA-006	-1.04	0.92	-0.15	-0.65	-0.63	-0.23	-0.75	-1.55	-0.67	-0.52	3.44	-0.52	0.67	-0.91	-1.13	-0.46	0.65	-0.55	-0.05	0.81	-0.48	0.36	0.26	-0.70	2.30	3.09	0.49	0.54	0.45	-1.32	-0.72	-0.63	-0.50	-0.90	1.43	-0.71	-0.73	2.31	0.38	1.13	2.22	-2.09	-0.72	-1.19	-0.62	-0.25	-0.53	1.50	0.17	-0.64	5.41	0.63	-0.29	-1.06	1.50	1.90	-0.56	0.00	0.26	0.84	0.59	0.10	-0.82	0.83	-0.35	-0.58	4.78	VPRT 	DWNT PIT PLACE TPP3 VBD [PRESP] [WZPRES] 
FIC-BPA-007	-0.12	0.08	0.28	-0.18	-0.63	-0.05	-0.75	-1.98	-0.96	-0.52	2.31	-0.52	2.39	-0.92	0.53	-0.46	2.15	-0.11	-0.62	1.27	-0.48	-0.91	1.15	-0.59	1.18	2.91	-0.49	0.38	-0.17	-1.55	-0.60	3.50	-0.50	-1.14	-0.54	-0.77	0.73	0.84	1.50	1.13	1.68	-1.93	-0.59	-1.43	-0.62	-0.33	-0.47	1.75	-0.71	-0.64	7.59	-0.56	-0.63	-0.52	-0.25	0.00	0.08	0.00	0.78	1.16	-0.76	0.20	-0.82	1.00	-1.05	-0.03	2.72		DWNT EX INPR PLACE SYNE [PRESP] [WZPRES] 
FIC-BPA-008	-0.85	1.08	0.12	-0.65	1.38	0.09	-0.44	-0.69	-0.52	-0.30	-0.25	0.43	0.89	-0.88	-0.71	-0.46	-0.45	0.23	-0.48	1.44	-0.64	0.09	2.33	0.11	0.75	1.47	-0.11	0.27	-0.43	-1.56	-0.49	0.63	0.33	-0.76	-0.89	-1.21	-0.73	1.06	2.12	1.71	1.68	-1.87	-0.34	-1.45	-0.23	-0.41	-0.80	9.25	-0.31	-0.18	2.88	-0.23	-0.54	-0.33	1.00	2.40	-1.76	0.00	1.63	0.97	-0.24	-0.10	-0.82	5.00	-1.05	0.23	1.50		PHC TSUB [PASTP] [PRESP] [SMP] [WHQU] 
FIC-BPA-009	-0.85	0.92	0.25	-0.65	0.00	1.23	-0.12	-1.00	-0.31	-0.30	0.69	0.36	0.50	-0.52	-0.74	0.31	1.40	-0.07	0.24	0.39	-0.55	1.91	1.63	-0.80	0.83	2.29	0.29	1.00	-0.60	-1.06	-0.41	-0.06	-0.50	-0.41	0.46	-0.80	-0.27	1.29	3.38	0.56	2.16	-1.73	0.23	-1.49	0.15	0.09	-0.27	5.00	0.15	-0.64	4.65	-0.23	-0.40	-0.37	-0.25	0.80	-0.76	0.00	1.37	0.23	0.39	0.40	-0.82	1.33	-1.05	-0.65	1.44		PLACE TSUB VBD [PASTP] [PRESP] 
FIC-BPA-010	-0.12	-0.04	-0.18	-0.65	0.00	-0.27	-0.44	-1.33	-0.46	0.09	0.56	-0.14	0.39	-0.22	-0.97	-0.46	0.00	0.14	-0.33	0.23	-0.78	-0.91	0.52	-0.61	0.83	2.32	-0.43	1.31	-0.76	-1.07	-0.17	-0.75	1.83	-0.31	0.29	0.66	0.18	1.87	5.50	1.57	1.93	-1.43	0.33	-1.13	-0.62	0.38	-1.02	8.00	0.10	-0.64	3.35	0.37	-0.03	-0.81	1.00	1.60	-1.24	0.00	0.48	0.13	0.41	0.40	-0.82	2.00	-1.05	-0.65	2.83		PLACE TSUB [PASTP] [PRESP] [WZPRES] 
FIC-BPA-011	-0.35	0.90	0.05	-0.65	-0.63	-0.50	-0.44	-1.26	-0.58	-0.30	0.50	-0.74	0.33	-0.62	-0.50	-0.46	0.45	-0.18	-0.76	0.86	-0.74	0.73	0.63	-0.71	1.03	1.53	-0.20	0.69	-0.12	-1.52	-0.12	-0.19	-0.50	-0.17	-0.03	-0.27	0.09	1.67	5.25	1.47	2.34	-1.82	-0.26	-1.23	-0.62	-0.05	-0.82	3.25	-1.12	-0.64	4.29	0.05	-0.34	-0.41	1.00	1.00	-1.08	0.00	1.30	1.45	-0.20	0.30	-0.82	2.67	-1.05	-0.23	2.72		TSUB VBD [PASTP] [PRESP] [WHQU] [WZPRES] 
FIC-BPA-012	-0.42	1.46	0.18	-0.65	1.38	0.09	-0.44	-1.45	-0.27	-0.52	1.13	-0.45	0.00	-0.92	-0.55	-0.08	-0.70	0.19	-1.00	1.00	-0.39	1.55	1.37	-0.05	0.25	2.65	-0.09	-0.54	-0.17	-1.27	-0.60	1.69	1.33	-0.97	0.09	-0.70	0.73	1.69	1.50	0.94	1.95	-1.98	-0.13	-1.59	0.62	-0.17	-0.71	5.25	-0.60	-0.64	3.29	0.37	-0.86	-1.13	-0.25	0.80	-0.44	0.00	1.30	0.65	-0.10	1.60	-0.82	2.33	-1.05	0.97	1.22		PLACE [PASTP] [PRESP] [WHQU] 
FIC-BPA-013	-0.42	0.83	0.08	-0.35	1.38	-0.41	-0.06	-0.71	-0.29	-0.52	2.75	-0.12	1.72	-0.66	-1.13	-0.08	0.35	-0.35	-0.24	0.73	-0.28	0.09	1.30	-0.40	1.54	0.65	0.17	1.85	1.83	-1.10	-0.33	0.63	-0.50	-0.41	0.34	-0.86	0.27	1.81	2.12	2.05	1.70	-1.72	0.08	-0.63	0.23	0.24	-0.09	5.00	0.90	-0.64	1.59	0.82	-0.71	-0.44	-0.25	1.30	-0.08	0.00	0.26	0.26	-0.10	-0.60	-0.82	3.17	-1.05	-0.13	1.17		DWNT TSUB TTR [PASTP] [WHQU] 
FIC-BPA-014	-0.77	1.67	-0.48	-0.47	-0.25	1.00	-0.12	-1.07	-0.19	-0.39	1.31	-0.38	0.11	-0.26	-0.76	-0.23	0.50	-0.40	0.14	0.34	-0.72	0.64	-0.37	-0.76	2.55	1.47	1.14	0.65	0.52	-1.23	-0.25	0.44	0.67	-0.66	1.03	-0.25	-0.45	1.57	0.38	1.42	1.77	-1.52	0.16	-1.13	-0.62	0.20	-0.79	1.50	-0.56	-0.64	3.18	0.09	-0.46	-0.43	0.50	0.90	-1.12	0.00	0.78	-0.06	-0.27	0.10	-0.82	1.33	-0.90	-0.35	1.72		PIT [PRESP] 
FIC-BPA-015	-0.81	1.23	-0.25	-0.65	0.12	-0.59	-0.38	-0.98	-0.48	-0.52	0.94	-0.26	0.39	-1.00	-0.16	-0.46	-0.40	0.15	-0.43	0.71	-0.46	-0.36	0.89	-0.32	3.44	1.82	-0.66	0.85	-0.64	-1.20	-0.63	-0.31	0.50	-0.93	-0.66	-0.07	1.36	1.35	1.63	0.41	2.16	-2.06	-0.74	-1.15	0.31	-0.35	-0.23	-0.25	0.02	-0.64	3.47	0.11	-0.69	-1.43	-0.25	2.10	-0.80	0.00	0.96	-0.19	0.10	0.00	-0.82	2.50	-1.05	-0.61	0.72	VPRT 	PIT VBD [PRESP] [SMP] [WHQU] 
FIC-BPA-016	-0.58	1.25	0.08	-0.29	0.87	1.55	0.00	-0.69	0.15	-0.52	0.94	0.88	0.39	-0.66	-0.61	0.00	0.20	0.29	-1.00	0.39	-0.33	-0.91	0.93	-0.98	3.75	0.97	-0.83	0.00	1.05	-1.20	-0.21	0.38	1.50	0.07	0.34	0.68	-0.73	0.55	3.88	1.23	2.11	-1.72	-0.43	-1.06	-0.15	-0.25	-0.56	4.25	0.37	-0.64	2.88	0.81	-0.86	-0.44	1.25	0.40	-1.04	0.00	-0.07	1.52	-0.05	1.20	-0.82	4.50	-0.75	-0.61	-0.56		PIT TSUB VBD [PASTP] [PRESP] [WHQU] 
FIC-BPA-017	-0.92	1.15	-0.10	-0.65	1.13	-0.50	-0.75	-1.45	0.04	-0.39	3.50	-0.76	1.67	-0.90	-0.21	-0.46	-0.35	0.14	-0.33	0.78	-1.00	0.36	1.04	-0.44	1.52	1.32	0.03	0.85	-0.33	-1.48	-0.67	-0.19	-0.50	-0.66	-0.29	-1.00	-0.09	1.56	6.38	0.03	2.37	-1.99	-0.38	-1.38	-0.38	-0.32	-0.05	1.50	0.94	-0.36	4.53	0.13	-0.66	-0.98	-0.25	0.60	-0.68	0.00	0.15	0.06	-0.17	0.80	-0.82	2.00	-0.90	-0.71	1.61		DWNT TSUB VBD [PRESP] 
FIC-BPA-018	-0.35	1.23	0.18	-0.12	-0.63	-0.73	-0.75	-1.50	-0.67	-0.30	0.44	-0.31	1.28	-0.95	-1.13	-0.46	-0.45	0.46	-0.33	1.07	-0.56	-0.45	0.26	0.00	1.17	1.76	-0.74	0.27	-0.69	-1.49	-0.65	0.38	0.33	-0.97	-0.20	-0.32	0.55	1.20	4.00	1.47	1.96	-2.13	-1.25	-1.74	0.08	-0.58	-0.70	4.25	0.62	-0.18	6.35	-0.82	-0.60	-1.09	-0.25	0.10	-1.48	5000.00	0.59	-0.06	-0.63	0.30	-0.82	2.00	-0.60	0.52	2.39	VPRT 	TSUB [PASTP] [PRESP] [SPIN] [WZPRES] 
FIC-BPA-019	-0.08	1.13	0.08	-0.65	-0.63	-1.14	-0.75	-0.60	-0.71	-0.52	0.31	-0.76	0.17	-0.48	-0.05	-0.46	-0.10	-0.51	-0.43	0.86	-0.91	0.18	0.81	-0.54	1.94	3.79	0.46	0.58	-0.60	-1.66	-0.18	-1.06	0.50	-0.48	-0.26	-0.46	1.55	1.99	1.00	0.80	2.62	-1.85	-0.38	-1.75	-0.62	-0.33	-0.33	1.25	-0.83	-0.64	3.06	0.23	-0.31	-0.74	1.25	0.40	-0.96	0.00	2.93	0.26	0.00	0.60	-0.82	1.67	-1.05	-0.61	1.83		PLACE VBD [PRESP] [STPR] 
FIC-C8T-001	-0.69	0.31	-0.28	-0.29	0.25	0.91	-0.44	-0.71	-0.06	-0.09	1.13	-0.24	0.06	-0.35	-0.76	-0.23	-0.20	0.40	-0.29	0.07	-0.27	0.45	0.96	-0.78	1.10	0.50	0.74	1.42	0.79	-1.47	0.08	1.00	0.50	0.21	0.20	0.27	0.36	1.80	-0.13	1.23	1.00	-1.35	0.72	-0.97	-0.15	0.41	-0.59	2.75	1.40	0.36	0.82	0.47	-0.29	-0.07	1.25	1.00	-0.16	0.00	-0.33	0.03	0.29	0.80	-0.06	1.17	0.00	-0.42	0.67		[PASTP] 
FIC-C8T-002	-0.19	0.48	-0.30	-0.29	0.00	0.91	-0.44	-0.55	-0.08	0.04	1.56	-0.26	0.89	-0.22	-0.66	-0.46	-0.05	0.06	0.10	-0.01	-0.45	0.09	0.63	-0.74	1.31	0.12	0.17	1.77	1.00	-1.09	-0.07	0.94	0.50	0.66	0.34	0.50	0.09	1.96	-0.38	1.23	1.22	-1.48	0.62	-0.80	-0.15	0.32	-0.59	1.25	1.50	0.00	0.88	0.54	-0.43	0.11	0.75	0.80	-0.44	0.00	-0.37	0.32	0.29	1.10	-0.41	1.00	-0.15	-0.52	0.78		
FIC-CB5-001	-0.65	0.83	-1.07	-0.12	1.13	1.14	-0.44	-1.10	-0.21	0.09	0.56	-0.29	1.00	0.00	-0.76	-0.46	0.00	-1.15	0.81	0.15	-0.94	0.73	0.37	-0.83	0.96	0.71	0.57	2.04	1.93	-1.23	0.71	1.12	0.83	-0.10	0.31	0.96	-0.18	2.15	-0.38	0.56	1.50	-1.26	1.11	-0.64	-0.38	0.57	-0.32	1.50	0.40	-0.09	1.00	0.19	-0.14	1.13	1.50	-0.10	-0.32	0.00	0.22	0.68	0.32	0.60	-0.71	4.00	-0.30	-0.61	0.33		PRED TPP3 [WHQU] 
FIC-CB5-002	-0.27	0.71	-0.87	-0.35	2.00	0.41	-0.38	-1.12	-0.21	0.43	0.50	0.05	0.94	0.01	-0.74	-0.46	-0.30	-0.71	0.71	0.04	-0.69	1.73	0.41	-1.07	0.65	0.50	0.37	3.08	1.26	-0.93	0.46	1.06	1.50	-0.17	0.51	0.57	0.18	2.51	-0.38	0.61	1.64	-1.29	1.30	-0.35	-0.38	0.31	-0.71	1.00	0.94	-0.18	1.12	0.51	-0.29	1.04	2.00	0.30	-0.60	0.00	-0.11	0.77	0.39	0.60	-0.47	1.33	0.00	-0.68	0.06		PRED TPP3 
FIC-CCW-001	-0.12	1.58	-0.30	1.12	1.50	-0.05	0.44	-0.81	-0.48	-0.35	0.00	0.31	-0.67	1.00	-1.00	-0.08	-0.25	-0.22	-0.33	0.74	-0.52	0.45	0.89	-1.00	-0.15	0.62	0.20	0.88	0.24	-1.44	0.23	-0.13	0.50	-0.28	-0.43	0.32	0.82	0.91	1.63	0.80	1.52	-1.48	0.64	-0.86	-0.08	0.11	-0.32	0.50	1.17	-0.09	-0.06	0.01	-0.26	0.20	2.00	0.00	-0.24	0.00	-0.30	0.55	0.27	0.90	-0.53	1.00	0.30	-0.48	-0.11		
FIC-CCW-002	-0.15	1.67	-0.40	0.59	1.88	0.23	0.25	-1.05	-0.38	-0.48	0.06	0.21	-0.06	0.94	-1.16	-0.23	-0.25	-0.08	-0.67	0.59	-0.69	0.55	0.78	-0.90	-0.13	1.00	-0.03	0.69	0.14	-1.22	0.29	0.06	1.00	0.10	-0.29	0.61	1.27	0.32	2.38	1.52	1.48	-1.45	0.34	-1.38	0.46	0.03	-0.36	1.25	0.25	-0.18	0.24	-0.01	-0.34	0.15	2.00	0.70	0.20	0.00	-0.41	0.39	0.37	0.70	-0.65	0.00	0.35	-0.55	0.33		TSUB 
FIC-CCW-003	-0.23	1.06	-0.05	-0.06	2.25	-0.18	0.75	-0.81	-0.56	-0.39	0.94	1.07	-0.83	0.69	-0.87	-0.23	0.00	0.32	-0.33	1.05	-0.81	0.18	0.67	-1.19	-0.03	1.35	-0.91	0.42	0.07	-1.12	0.22	0.12	1.00	0.00	-0.49	-0.11	0.55	1.01	2.12	1.13	1.90	-1.59	0.10	-1.45	-0.38	-0.16	-0.56	1.00	-0.52	-0.45	0.82	0.15	-0.51	0.19	1.50	2.00	-0.68	0.00	0.04	0.52	0.00	0.30	-0.53	0.00	0.60	-0.48	-0.72		CONC TSUB 
FIC-CCW-004	-0.31	1.63	-0.67	0.06	2.50	-0.09	0.63	-0.10	-0.06	-0.39	1.44	1.24	-0.11	0.97	-1.08	0.23	0.30	-0.35	-0.19	0.26	-0.67	0.82	0.93	-0.84	0.72	1.26	0.11	1.04	0.21	-1.35	0.33	0.31	0.83	0.14	0.11	0.55	0.09	0.56	1.25	0.94	1.37	-1.15	0.08	-0.91	0.00	0.25	-0.91	1.25	-0.23	-0.09	1.12	0.27	-0.11	0.67	2.75	1.50	-1.04	0.00	-0.04	0.32	0.15	0.20	-0.18	2.50	-0.35	-0.55	-0.11		CONC [SERE] [WHQU] 
FIC-CDB-001	-0.04	0.06	-0.28	-0.29	2.50	1.09	0.44	-0.14	0.17	0.00	0.56	0.26	0.22	-0.90	-0.79	-0.08	-0.30	-0.24	0.10	0.65	-0.67	0.82	1.15	-0.62	1.46	0.59	0.11	1.38	0.43	-1.38	-0.35	0.69	0.50	-0.62	-0.20	-0.07	0.64	2.24	0.62	0.89	1.77	-2.00	0.74	-0.86	-0.15	-0.52	-0.82	1.25	2.38	-0.09	1.59	0.02	-0.46	-0.15	1.25	0.30	-0.28	0.00	-0.19	0.10	0.07	0.80	-0.18	0.50	0.50	-0.32	0.22		CONC TPP3 [PEAS] 
FIC-CDB-002	-0.46	0.04	-0.65	-0.24	2.12	0.68	0.81	-0.12	-0.13	-0.22	-0.13	-0.55	0.39	-0.01	-0.68	-0.46	0.40	-1.04	0.71	0.95	-0.58	1.09	3.19	-0.37	0.90	-0.06	0.20	-0.12	1.10	-1.23	-0.64	2.12	0.67	-0.52	-0.03	-0.27	-0.09	1.14	1.75	0.70	1.29	-1.78	0.75	-1.25	-0.62	-0.53	-0.08	1.50	2.12	1.36	1.76	-0.06	-0.23	-0.15	1.50	0.30	-0.88	0.00	-0.33	0.48	-0.32	0.50	-0.59	2.17	-0.50	-0.58	0.50		CONC PHC SYNE [PEAS] [WHQU] 
FIC-CDB-003	0.58	-0.06	-0.63	-0.47	1.38	0.14	0.69	0.05	-0.02	-0.30	0.62	-0.29	0.72	-0.81	-1.11	-0.31	-0.25	-0.70	-0.10	1.38	-0.97	0.64	2.48	-0.28	0.72	-0.09	0.43	1.08	0.90	-1.53	-0.26	0.69	0.67	-0.24	-0.23	0.71	0.09	1.69	0.75	0.17	1.51	-1.94	0.64	-0.92	0.08	-0.28	-0.47	0.50	1.94	0.64	1.06	0.20	-0.57	0.09	-0.25	0.60	-0.68	0.00	-0.04	-0.16	0.39	0.30	-0.71	0.50	-0.45	-0.71	0.94		PHC 
FIC-CDB-004	-0.38	0.13	-0.75	0.35	0.50	0.27	-0.38	-0.67	0.79	-0.13	1.19	-0.45	0.56	-0.74	-0.66	-0.23	0.20	-0.39	0.05	0.56	-0.95	0.64	1.59	-0.61	1.07	0.21	0.29	1.23	0.60	-1.48	-0.16	0.31	-0.33	-0.66	-0.23	-0.02	-0.27	1.75	2.12	0.80	1.81	-1.92	0.62	-1.00	-0.31	-0.28	-0.68	1.25	3.62	0.18	1.00	0.23	-0.03	-0.69	1.25	0.90	-0.76	0.00	-0.11	-0.26	0.20	1.00	-0.76	1.00	-0.75	-0.39	0.89		TSUB [PEAS] 
FIC-CDB-005	-0.42	0.15	-0.55	0.41	0.75	0.41	0.50	0.48	0.33	-0.43	1.37	0.60	1.56	-0.77	-0.76	0.08	-0.05	-0.62	0.24	0.84	-0.84	0.73	1.44	-0.18	0.85	0.29	0.20	1.08	0.71	-1.59	-0.41	0.38	0.00	-0.41	-0.46	0.04	0.91	1.16	1.13	-0.50	1.48	-1.92	0.66	-1.23	-0.38	-0.24	0.12	0.25	3.17	0.09	1.06	0.14	-0.49	-0.17	1.50	0.20	0.40	0.00	-0.33	0.06	0.27	0.20	-0.53	0.17	0.10	-0.45	0.44		[PEAS] 
FIC-CDB-006	-0.38	0.29	-0.70	-0.06	1.25	0.50	-0.25	-0.07	0.23	-0.26	0.25	-0.14	0.50	-0.72	-0.74	-0.38	-0.40	-0.53	-0.10	0.85	-0.92	0.55	1.63	-0.46	1.27	0.68	0.11	1.00	0.17	-1.22	-0.30	0.31	-0.33	-0.59	0.06	-0.52	0.36	1.74	1.88	0.51	1.76	-1.82	0.66	-0.73	-0.08	-0.26	-0.92	1.50	2.56	-0.55	1.82	0.08	-0.37	0.35	2.75	-0.30	-0.24	0.00	-0.19	-0.32	0.44	0.40	-0.71	2.00	-0.10	-0.42	0.28		[PEAS] [SERE] 
FIC-CFY-001	-0.50	1.71	-1.45	0.35	0.25	0.68	-0.50	-0.69	0.17	0.65	1.06	-0.21	1.06	-0.08	-0.95	-0.31	-0.10	-1.48	-0.24	-0.49	-0.85	0.00	0.41	-0.83	0.87	0.24	-0.09	0.92	1.29	-1.24	1.03	0.94	0.17	-0.59	1.57	-0.02	0.45	2.75	1.13	0.41	1.50	-1.07	0.97	-0.74	-0.31	0.92	-0.42	1.25	0.37	-0.36	1.06	0.27	-0.31	0.89	1.00	1.40	-0.80	0.00	0.04	-0.03	0.59	0.80	-0.76	3.17	-0.75	-0.61	0.78		TPP3 [WHQU] 
FIC-CFY-002	-0.54	1.81	-1.30	0.35	0.00	0.59	-0.50	-0.76	0.21	0.87	1.13	0.00	1.50	-0.08	-0.74	-0.31	-0.30	-1.09	-0.05	-0.49	-0.83	0.36	0.15	-0.76	0.52	0.44	-0.37	1.08	0.86	-1.18	0.86	0.50	-0.17	-0.28	1.03	-0.52	0.09	2.78	1.37	0.94	1.53	-1.11	1.10	-0.69	-0.23	0.82	-0.64	0.50	0.50	-0.18	0.94	0.27	-0.37	0.83	1.25	1.00	-1.08	1000.00	0.37	-0.35	0.66	0.70	-0.71	1.83	-0.60	-0.52	0.39		TPP3 [SPIN] 
FIC-FAJ-001	-0.31	-0.42	0.18	-0.29	0.12	-1.14	-0.75	-0.55	-0.29	0.04	1.13	-0.60	-0.50	0.51	1.32	-0.46	-0.40	0.87	-0.71	2.46	-0.51	0.82	2.96	0.25	-0.30	0.38	-0.57	0.38	-1.02	-1.53	-0.72	-0.69	-0.50	-0.48	-0.03	-0.52	-0.73	-0.20	0.25	2.34	-0.63	-0.29	-0.98	-1.38	1.85	-0.69	-0.88	3.00	-0.56	2.27	1.65	-0.15	-0.69	-0.26	-0.25	0.50	-1.20	0.00	0.44	-0.13	0.02	0.00	-0.47	-0.33	0.85	-0.39	1.56		NN PHC TTR [PASTP] [PIRE] 
FIC-FAJ-002	0.35	-0.81	-0.75	-0.29	1.63	-0.05	-0.38	-0.33	-0.21	0.00	0.62	0.38	-0.56	1.23	-1.53	-0.46	-0.70	-0.20	-0.43	1.51	-0.71	-0.91	1.44	-0.76	0.93	0.32	1.46	0.77	-0.62	-1.60	0.73	0.06	1.50	-0.72	-0.80	0.04	0.36	0.28	-0.50	2.34	-0.33	0.19	0.39	-0.49	-0.15	0.15	-0.44	-0.25	-0.02	-0.09	1.53	0.48	-0.69	1.37	2.75	-0.80	0.48	0.00	-0.30	-0.16	0.41	0.60	-0.82	3.67	-0.75	-0.42	0.78		TTR [SERE] [WHQU] 
FIC-FAJ-003	-0.19	0.15	0.18	0.12	-0.13	-0.95	0.06	0.21	-0.06	-0.13	-0.19	-0.57	0.44	0.11	-1.16	-0.15	0.40	0.92	-0.57	1.80	-0.37	0.27	2.89	-0.20	-0.18	0.47	-0.43	-0.50	-0.81	-1.62	-0.15	-0.50	2.33	-0.69	-0.14	-0.66	1.64	0.32	0.62	1.47	-0.48	-0.42	-0.54	-1.84	0.08	-0.42	-0.15	6.25	-0.25	0.18	1.94	-0.20	-0.60	-0.70	3.00	0.10	-0.64	0.00	-0.59	-0.81	0.29	0.70	-0.59	1.17	0.25	-0.26	2.22		PHC THAC [PASTP] [SERE] [WZPRES] 
FIC-FAJ-004	2.00	-0.13	0.18	0.12	1.00	1.23	0.06	-0.81	-0.69	0.61	0.38	-1.19	-0.50	0.31	-0.82	-0.46	-0.70	0.81	0.24	0.74	0.80	0.27	0.67	-0.33	0.39	-0.15	0.20	1.23	-0.71	-2.16	0.61	-0.25	3.83	-0.69	0.00	-0.79	-0.73	0.82	-0.50	1.71	-0.93	0.41	-0.10	-0.92	-0.62	-0.38	-0.86	3.00	0.62	-0.64	0.18	0.03	-0.49	-0.22	9.50	5.70	-0.12	0.00	-0.74	0.32	-0.44	-0.60	-0.06	-0.33	0.25	-0.39	-0.89	RB 	THAC [PASTP] [SERE] [SMP] 
FIC-FAJ-005	-0.58	-0.33	-0.15	-0.18	0.38	-0.41	0.25	-0.69	-0.44	-0.17	-1.00	-0.62	-0.06	-0.05	-0.76	-0.15	-0.30	-0.69	-0.43	1.75	-0.72	-0.55	1.33	-0.50	-0.58	0.68	-0.26	0.58	-0.36	-1.88	-0.63	2.00	-0.50	0.55	0.40	1.09	2.64	1.01	-0.50	0.80	0.70	-0.97	-0.05	-1.51	1.92	-0.61	0.48	3.75	1.04	-0.27	-0.35	0.53	-0.63	0.78	0.75	0.80	-0.72	0.00	0.04	0.39	0.24	0.60	-0.59	1.67	0.80	-0.42	1.17		TOBJ [PASTP] 
FIC-FAJ-006	-1.04	-0.54	0.67	2.76	1.75	-1.14	-0.75	1.31	-0.56	-0.52	-0.06	-0.12	-0.17	-0.08	0.68	-0.46	-0.70	1.18	-1.00	1.04	-0.18	0.82	3.04	-0.33	0.72	-0.35	0.54	2.65	0.50	-1.54	-0.72	0.12	-0.50	0.86	-0.37	-0.25	2.82	0.98	-0.50	1.66	0.33	-0.92	-0.44	-1.56	-0.62	-0.52	-0.29	-0.25	2.06	-0.64	2.82	0.67	-0.31	0.35	-0.25	1.10	0.12	0.00	-0.74	-0.32	-0.76	1.30	-0.82	-0.33	0.90	-0.81	1.28		CAUS PHC PRED TOBJ [PEAS] [PRESP] 
FIC-FAJ-007	-0.50	-0.65	0.02	-0.65	2.00	-0.82	0.13	0.29	-0.08	-0.22	3.12	-0.67	0.72	0.05	-0.74	-0.46	-0.35	-0.08	-0.33	1.60	-0.32	-0.27	2.33	-0.02	0.11	1.15	-0.66	0.88	-0.17	-1.71	-0.51	-0.63	-0.50	0.07	0.31	-0.30	-0.09	1.02	0.38	0.85	-1.07	0.37	-0.82	-1.00	-0.08	-0.50	-0.09	3.25	-0.31	0.64	1.06	0.48	-0.86	-0.78	6.75	-0.80	-1.36	0.00	-0.48	0.19	0.10	0.80	-0.41	0.83	0.35	-0.58	2.61		DWNT PHC [PASTP] [SERE] [WZPRES] 
FIC-FAJ-008	-0.62	-0.71	0.02	0.65	5.00	-0.64	0.63	0.05	-0.25	-0.52	0.88	-1.50	-0.61	1.66	0.82	0.38	1.00	0.35	-0.48	0.16	0.41	0.09	3.30	-0.56	-0.03	1.38	-0.06	2.50	0.52	-2.32	-0.47	-1.06	1.33	0.41	0.11	1.54	0.27	0.41	0.88	0.51	-0.91	0.19	-0.66	-0.51	0.23	-0.54	-0.44	-0.25	1.58	-0.64	0.71	0.53	-0.54	1.48	5.25	0.30	0.04	0.00	-0.74	0.16	-0.22	-0.60	-0.18	-0.33	0.05	-0.10	-0.28	RB 	CONC PHC PRED [SERE] 
FIC-FAJ-009	0.08	-0.65	-0.02	0.18	-0.63	-0.50	-0.12	-0.29	-0.25	-0.52	0.56	-0.60	0.11	-0.14	-0.18	-0.46	0.25	0.18	-0.10	1.59	-0.31	-0.45	1.78	0.18	0.11	0.09	0.69	1.15	-0.52	-1.84	-0.68	-0.19	-0.50	1.17	-0.66	0.18	0.55	0.85	-0.50	1.28	0.22	-0.89	-0.52	-1.41	0.85	-0.65	0.29	7.00	0.75	0.27	1.65	0.39	-0.57	-0.09	5.75	0.60	-0.68	0.00	-0.37	1.10	0.17	0.40	-0.82	0.50	-0.35	-0.81	1.22		[PASTP] [SERE] 
FIC-FAJ-010	0.08	-0.79	-0.20	-0.65	1.13	-0.14	-0.75	-0.12	-0.67	-0.22	0.56	-0.29	0.78	0.34	-0.32	0.08	0.40	0.77	-0.33	1.29	-0.43	-0.27	2.48	-0.05	0.38	1.44	-0.63	0.69	-1.17	-1.84	-0.56	1.63	-0.50	-0.90	-0.03	-0.59	-0.09	0.44	0.38	1.66	-0.87	0.35	-1.03	-1.54	-0.62	-0.69	-0.47	-0.25	0.15	0.00	1.53	0.08	-0.86	-1.02	1.50	0.60	-1.64	0.00	0.07	0.71	-0.22	0.80	0.00	0.83	1.10	-0.10	1.94		PHC 
FIC-FAJ-011	-0.12	-0.06	-0.48	-0.12	2.38	0.14	0.13	-1.12	-0.56	-0.52	0.50	0.19	0.89	0.53	-0.61	-0.08	0.25	0.29	-0.10	0.62	-0.40	-0.45	1.56	-0.11	0.61	1.74	-0.46	1.65	-0.43	-1.53	-0.17	1.31	0.33	0.00	-0.69	0.13	-0.27	0.27	1.25	0.75	-0.78	0.13	-0.08	-1.09	1.92	-0.40	-0.24	-0.25	-0.56	0.18	1.06	0.17	-0.31	-0.81	2.00	0.60	-0.12	0.00	-0.04	0.13	0.51	0.30	-0.29	0.50	0.35	-0.19	0.94		CONC 
FIC-FAJ-012	0.04	0.02	-0.50	-0.12	1.75	0.95	1.56	-0.60	-0.56	0.30	-0.69	-0.40	1.89	1.16	-0.63	-0.46	-0.70	-0.56	-0.57	0.75	-0.28	1.64	1.15	0.26	-0.27	1.00	-0.06	1.42	0.00	-1.93	-0.65	0.12	-0.50	-0.48	-0.43	0.32	0.09	0.61	-0.50	1.52	0.36	-0.78	-0.02	-1.41	-0.62	-0.42	0.38	-0.25	1.38	0.18	-0.59	0.33	-0.86	-0.39	4.50	2.00	-1.44	0.00	-0.04	0.87	0.61	0.30	-0.29	-0.33	-0.10	-0.81	2.72		[SERE] [WZPRES] 
FIC-FAJ-013	-0.35	-0.33	0.18	-0.65	0.12	-0.09	0.69	0.02	0.27	-0.52	-0.88	-0.52	0.72	0.04	-1.37	-0.46	-0.40	0.14	0.67	1.08	-0.53	-0.91	1.15	-0.72	-0.04	-0.24	-0.14	2.92	0.76	-1.53	-0.51	0.38	2.50	0.69	-0.14	0.89	2.45	0.86	-0.50	0.99	-0.68	0.23	-0.62	-0.88	1.15	-0.66	0.15	-0.25	1.17	1.45	0.76	0.47	-0.69	0.85	2.75	1.00	-1.04	0.00	-0.30	0.77	0.24	0.00	-0.47	1.67	-0.45	-0.42	1.06		PRED THAC TOBJ [SERE] 
FIC-FAJ-014	-1.04	-0.73	-0.05	-0.06	2.00	0.27	-0.75	-0.62	0.77	-0.09	0.06	-1.00	-0.06	0.03	0.08	0.31	-0.70	-0.58	0.00	1.38	-0.01	-0.91	0.30	0.11	-0.14	0.62	-0.77	0.58	-0.10	-2.25	-0.57	0.25	1.17	-0.07	-1.20	1.23	0.18	0.93	-0.50	0.75	-0.57	0.01	0.13	-1.23	-0.62	-0.56	-0.05	-0.25	0.35	-0.64	-0.59	0.07	-0.57	-0.28	5.00	0.20	-0.96	0.00	-0.37	-0.61	0.00	0.40	-0.24	-0.33	1.55	-0.13	0.83	RB 	[SERE] 
FIC-FAJ-015	0.31	0.00	0.20	0.24	1.88	-0.68	-0.12	2.02	0.08	-0.30	0.31	-0.55	-0.11	-0.91	-1.32	-0.08	0.05	0.21	0.43	1.26	-0.24	0.00	1.52	-0.24	0.08	-0.03	-0.51	2.58	-0.26	-1.78	-0.36	-0.13	2.00	0.41	-0.34	0.63	1.09	2.28	-0.50	0.46	-0.96	0.50	-0.41	-0.73	0.54	-0.59	-0.32	1.00	0.27	-0.18	0.29	1.00	-0.57	-0.59	3.50	0.70	-1.00	0.00	-0.37	1.65	0.10	-0.60	-0.53	1.33	0.70	-0.32	-0.06		DEMO PRED TPP3 [SERE] 
FIC-FAJ-016	0.81	-0.23	-0.42	0.24	0.63	-0.68	-0.75	-0.62	-0.56	0.13	1.19	-0.93	0.94	0.65	-1.21	-0.46	-0.20	0.04	-0.52	0.76	-0.54	0.82	1.78	-0.42	0.06	0.94	0.54	1.92	-0.40	-1.74	-0.33	-0.44	-0.50	-0.14	0.03	0.29	0.64	1.00	0.13	1.37	-0.70	0.40	0.75	-1.04	0.54	-0.20	-0.21	2.25	0.40	-0.64	0.00	0.18	-0.71	-0.44	7.00	2.10	-1.44	0.00	-0.37	1.42	-0.29	0.90	-0.82	2.17	1.15	-0.65	0.17		[PASTP] [SERE] [SMP] [WHQU] 
FIC-FAJ-017	0.65	-0.33	-0.90	0.35	0.63	-0.05	-0.44	-0.79	-0.04	-0.22	0.44	-0.81	0.11	0.59	-0.95	-0.31	-0.20	-1.05	0.76	1.02	-0.88	-0.45	0.37	-1.24	0.31	0.88	0.29	2.31	0.88	-2.24	0.80	-0.13	0.33	-0.38	-0.37	0.91	-0.73	1.81	-0.50	0.46	-0.39	0.60	0.61	-0.43	0.69	-0.29	-0.12	3.50	-0.29	-0.18	0.29	-0.09	-0.09	-0.20	1.00	0.90	-1.32	0.00	-0.19	0.16	0.07	0.40	-0.82	3.67	-0.70	-0.65	0.33	RB 	PRED [PASTP] [WHQU] 
FIC-FAJ-018	-0.58	-0.56	-0.05	-0.65	0.87	-0.32	-0.38	0.57	0.06	-0.52	-1.25	-0.19	0.50	-0.95	-0.39	-0.46	-0.10	0.55	-0.14	0.58	-0.49	0.73	1.22	-0.15	-0.24	0.71	-0.43	1.04	-0.45	-1.57	-0.54	-0.31	-0.50	0.34	-0.60	-0.70	0.36	4.04	0.25	0.37	-0.87	0.61	-0.79	-1.62	-0.15	-0.69	-0.71	1.25	0.23	-0.64	0.88	0.68	-0.34	-1.09	4.25	0.40	-0.24	0.00	-0.30	1.03	0.15	0.00	-0.82	-0.33	0.50	0.00	1.50		TPP3 [SERE] 
FIC-FAJ-019	-0.15	-0.38	-1.07	-0.35	0.00	-0.50	-0.75	-0.95	-0.40	0.26	0.44	0.33	0.28	0.40	-0.66	-0.46	-0.45	-1.03	0.95	0.85	-0.85	1.18	-0.07	-0.91	0.59	2.44	0.03	2.04	1.17	-2.02	0.50	-0.50	0.33	-0.52	-0.20	0.11	-0.73	1.26	-0.50	0.80	-0.83	0.66	-0.05	-0.59	1.85	0.18	-0.15	2.00	0.00	-0.64	0.47	0.54	0.06	-0.33	4.25	1.00	-1.12	0.00	0.44	-0.06	0.24	0.30	-0.82	7.17	-0.35	-0.52	1.61	RB 	PLACE PRED [SERE] [WHQU] 
FIC-FAJ-020	-0.85	-0.44	-0.52	-0.18	1.00	0.05	-0.56	-0.36	-0.02	0.04	0.38	-0.31	-0.67	0.75	-1.16	-0.23	-0.30	-0.18	-0.24	0.69	-0.33	1.00	1.67	-0.80	-0.08	0.47	-0.60	1.62	-0.14	-1.95	-0.14	-0.25	0.00	0.21	0.17	0.20	0.73	1.30	-0.13	1.71	-0.23	0.38	0.07	-0.61	0.62	-0.20	0.29	0.50	0.87	-0.36	0.00	0.29	-0.34	-0.31	0.50	1.30	-0.84	0.00	-0.37	-0.16	0.00	-0.10	-0.06	1.83	0.80	-0.55	0.83		
FIC-FAJ-021	-0.62	-0.23	-0.42	0.00	0.12	0.68	1.00	0.62	-0.60	-0.26	0.50	0.67	1.61	1.52	-0.34	-0.46	-0.70	0.06	0.62	0.21	-0.12	-0.91	-0.41	-0.39	0.23	-0.59	0.11	1.27	-0.52	-1.21	-0.51	0.00	1.33	-0.17	-0.51	0.59	0.27	-0.04	1.63	0.17	-0.87	0.52	0.38	-0.77	0.23	-0.24	-0.85	-0.25	0.87	0.36	0.06	1.49	-0.69	-0.28	5.50	-0.20	1.00	0.00	-0.52	0.16	0.34	0.00	-0.18	2.50	0.65	-0.45	1.00		[SERE] [WHQU] 
FIC-FAJ-022	-0.12	-0.60	-0.28	-0.65	0.38	-0.77	-0.25	-0.67	0.04	0.52	-0.75	-0.19	-0.33	-0.62	-0.18	-0.46	-0.70	-0.91	0.14	1.83	-0.67	-0.91	4.04	-0.26	-0.45	0.94	-1.20	1.85	-0.76	-2.38	0.26	-1.06	-0.50	-0.59	0.31	-0.68	-0.73	1.38	-0.50	0.41	-1.16	1.06	-0.61	-1.15	0.00	-0.43	0.11	7.75	-1.04	-0.64	0.82	-0.43	-0.86	-0.26	3.75	0.00	-0.28	0.00	0.44	0.35	0.02	0.20	-0.82	1.00	-0.65	-0.55	0.89	RB 	PHC [PASTP] [SERE] 
FIC-FAJ-023	-0.54	-0.52	0.08	-0.24	1.00	-0.23	-0.75	1.14	0.44	-0.52	-0.44	0.24	1.00	-0.38	0.79	-0.46	-0.35	-0.07	0.29	1.25	-0.08	0.91	1.70	-0.35	0.90	0.65	-0.31	1.54	-1.17	-1.91	-0.62	-0.25	-0.50	0.00	-0.54	-0.64	-0.73	0.72	3.63	0.94	-0.29	-0.08	0.36	-0.73	0.38	-0.47	-0.35	4.75	0.79	-0.64	0.59	0.07	-0.66	0.19	8.00	-0.10	-0.60	0.00	-0.74	1.00	-0.10	-0.60	-0.41	-0.33	-0.70	-0.16	1.33		TSUB [PASTP] [SERE] 
FIC-FET-001	-0.42	0.69	0.22	-0.53	1.13	-0.91	-0.44	-0.50	-0.17	-0.22	0.19	-0.33	0.06	-0.34	-0.11	-0.46	-0.70	1.16	0.10	1.55	-0.58	-0.27	1.78	-0.18	-0.15	-0.56	-0.77	0.35	-0.60	-1.63	-0.05	-0.31	1.00	0.24	-0.60	-0.52	-0.27	0.82	0.13	2.14	1.29	-1.57	0.41	-1.15	-0.23	-0.47	-0.27	3.75	1.42	0.82	1.35	0.19	-0.51	0.61	2.75	-0.10	-1.56	0.00	-0.04	-0.19	0.00	0.30	-0.71	0.00	0.00	-0.19	0.17		TTR [PASTP] [SERE] 
FIC-FET-002	0.00	0.77	-0.08	0.71	1.13	-0.64	-0.31	-0.90	-0.10	0.48	1.56	-0.10	0.67	-0.13	-0.34	-0.31	0.00	0.49	-0.05	0.95	-0.58	-0.45	2.19	-1.04	0.04	0.41	0.14	1.08	0.17	-1.08	-0.08	2.06	0.33	-0.90	-0.26	-0.11	-0.73	1.77	0.38	1.47	1.59	-1.57	1.10	-1.34	-0.08	-0.01	-0.45	2.50	-0.08	-0.18	1.12	0.03	0.06	0.37	2.00	1.50	-0.92	0.00	-0.15	0.00	-0.05	1.40	-0.82	3.00	-0.60	-0.52	0.11		PHC SYNE [PASTP] [WHQU] 
FIC-FET-003	-0.38	0.75	-0.15	0.47	0.12	-0.18	-0.38	-0.38	-0.02	-0.13	1.00	-0.64	0.33	-0.34	-0.55	-0.46	0.15	0.43	-0.57	1.37	-0.70	0.64	3.67	-0.65	0.45	0.74	-0.20	1.15	0.00	-1.30	0.01	0.56	0.17	-0.03	-0.63	-0.11	-0.18	1.37	0.88	2.58	1.69	-1.65	0.95	-1.42	-0.62	-0.07	-0.61	3.00	-0.13	-0.64	1.82	0.29	-0.17	-0.07	5.00	0.70	-0.76	0.00	0.78	0.32	0.34	0.00	-0.59	2.50	-0.85	-0.52	0.17		PHC TTR [PASTP] [SERE] [WHQU] 
FIC-FET-004	-0.15	0.79	0.42	0.65	1.50	-0.50	-0.06	-0.57	-0.48	-0.04	0.50	-0.36	0.89	-0.66	-0.55	-0.31	-0.25	1.19	-0.48	1.35	-0.51	0.64	4.15	-0.57	-0.27	0.09	0.40	1.58	-0.64	-1.68	-0.32	1.50	0.00	-0.66	-0.49	0.11	0.64	1.74	0.62	1.04	1.60	-1.80	0.77	-1.28	-0.38	-0.34	-0.24	2.75	0.27	0.18	1.06	-0.16	-0.34	-0.57	2.50	0.10	-1.32	0.00	-0.22	0.16	-0.05	0.60	-0.65	1.00	0.25	0.00	0.39		PHC [PASTP] [SERE] 
FIC-FET-005	-0.50	1.17	0.60	0.41	0.38	-0.86	0.63	-0.24	-0.13	-0.52	1.31	-0.48	0.33	-0.89	-0.50	-0.15	-0.60	1.26	-0.43	1.71	-0.44	-0.36	4.44	-0.13	-0.20	0.35	-0.51	1.62	-0.71	-1.75	-0.67	0.81	-0.17	-0.03	-0.09	-0.34	0.55	1.32	0.50	0.65	1.57	-1.88	0.10	-1.21	-0.15	-0.69	-0.23	3.25	0.29	0.64	0.94	0.45	-0.69	0.19	7.75	0.60	-1.16	0.00	-0.22	-0.16	-0.32	0.40	-0.35	-0.33	0.05	-0.16	0.44		PHC [PASTP] [SERE] 
FIC-FET-006	0.19	0.60	0.58	-0.35	0.00	-0.41	-0.44	-0.98	-0.19	-0.22	-0.06	-0.33	0.06	-0.56	-0.50	-0.08	-0.60	1.13	-0.43	2.44	-0.21	0.18	3.81	-0.41	0.21	0.79	-0.80	0.42	-0.17	-1.69	-0.22	0.50	0.33	-0.66	-0.69	-0.87	-0.27	0.82	0.62	1.28	1.10	-1.71	-0.26	-1.68	-0.08	-0.50	-0.65	3.25	0.27	1.27	0.65	0.13	-0.60	-0.44	-0.25	-0.10	-1.28	0.00	-0.04	-0.26	-0.07	0.10	-0.53	2.33	-0.70	-0.35	0.17		NN PHC [PASTP] [WHQU] 
FIC-FET-007	-0.73	1.27	0.20	-0.65	1.38	-0.41	-0.38	-0.43	-0.23	-0.35	0.25	-0.43	0.50	-0.67	-0.71	0.00	-0.50	1.32	-0.33	1.83	-0.81	0.36	4.56	-0.22	-0.01	0.29	-0.49	0.38	-0.60	-1.81	-0.22	0.31	-0.17	-0.72	-0.37	-0.91	0.36	1.04	-0.50	1.62	1.43	-1.78	0.25	-1.65	-0.31	-0.49	-0.65	4.25	-0.10	1.00	0.82	-0.26	-0.74	1.02	3.75	0.60	-1.40	0.00	-0.07	0.32	0.20	0.60	-0.59	0.00	-0.75	-0.35	0.72		PHC [PASTP] [SERE] 
FIC-FPB-001	-0.46	0.67	-0.30	0.18	0.50	0.50	-0.25	-0.62	-0.02	-0.13	0.69	-0.12	-0.39	-0.02	-0.45	-0.38	-0.20	-0.36	-0.19	1.03	-0.68	0.27	0.33	-1.02	0.01	0.32	0.49	1.04	1.05	-1.12	0.75	0.06	0.33	0.17	0.54	0.82	-0.09	1.16	0.75	1.13	1.30	-1.13	1.07	-1.25	0.08	0.72	-0.29	1.25	-0.19	0.00	0.47	0.34	-0.31	0.81	1.75	0.20	-0.04	0.00	-0.07	0.87	0.27	0.70	-0.76	2.17	-0.65	-0.52	-0.22		[WHQU] 
FIC-G0L-001	-0.85	-0.19	-0.58	-0.12	-0.50	-0.18	-0.56	-1.00	0.21	-0.13	0.12	0.07	0.33	-0.14	-0.95	0.00	0.30	-0.84	-0.48	0.43	-0.72	0.27	0.96	-0.69	0.76	0.79	-0.20	0.69	0.38	-1.33	0.24	0.44	-0.17	-0.66	0.29	0.11	-0.36	2.17	1.88	0.12	1.80	-1.32	0.54	-0.92	-0.08	0.44	-0.47	3.00	0.13	-0.55	0.88	0.32	-0.34	-0.17	0.25	-0.20	-0.80	0.00	0.63	0.45	0.51	1.00	-0.76	2.83	-0.50	-0.45	0.22		TPP3 [PASTP] [WHQU] 
FIC-G01-002	-1.04	-0.44	0.30	-0.18	-0.63	-0.41	-0.75	-2.36	-0.46	-0.17	-0.25	0.62	-0.78	-0.82	2.42	-0.46	-0.70	-0.09	-0.62	1.16	-0.54	-0.18	1.74	-0.08	0.83	2.65	-0.97	-0.58	0.40	-1.29	-0.13	-1.06	-0.50	-0.86	-0.57	-0.79	-0.73	1.15	0.50	0.80	2.12	-2.01	-0.74	-1.53	0.00	-0.12	-0.11	5.75	0.37	0.09	4.65	-0.64	-0.86	0.37	-0.25	0.80	-0.60	0.00	1.07	0.10	-0.17	0.20	-0.82	3.67	0.15	-0.29	0.44	DEMO VPRT 	GER PLACE VBD [PASTP] [PRESP] [WHQU] 
FIC-G01-003	-0.58	0.10	-0.40	0.06	-0.63	2.27	-0.75	1.79	1.10	-0.52	-1.25	-0.31	0.17	-0.04	0.45	-0.46	-0.70	-1.24	-1.00	0.10	-0.43	-0.91	-0.33	0.20	-0.06	2.00	0.49	0.12	1.62	-1.47	0.91	-1.06	-0.50	0.59	0.29	0.45	-0.73	1.71	1.00	0.85	0.81	-0.71	-0.38	-1.54	0.31	0.48	-0.32	2.75	-0.46	-0.64	6.00	0.06	-0.86	0.41	-0.25	0.40	-0.72	0.00	1.11	1.87	0.15	1.90	-0.82	-0.33	-1.05	-0.42	0.50		COND [PASTP] [PRESP] 
FIC-G01-004	-0.73	-0.46	-0.55	0.71	-0.63	0.23	0.19	-1.10	0.29	-0.52	1.13	-1.31	0.44	-0.41	-1.84	-0.46	-0.30	-1.30	-0.62	0.87	-0.75	-0.18	0.96	-0.04	-0.17	1.76	-0.57	0.81	0.29	-0.89	-0.22	-0.13	0.83	-0.62	0.23	0.45	-0.73	2.23	2.38	-0.45	1.44	-1.19	-0.15	-0.99	0.54	0.33	-0.30	3.50	0.52	0.09	2.06	0.16	-0.86	-0.02	1.75	-0.80	-1.28	0.00	0.93	1.26	-0.39	1.70	-0.35	1.00	0.45	-0.32	-0.44		TPP3 TSUB [PASTP] [PRESP] 
FIC-G01-005	-1.04	-0.23	-0.52	0.00	-0.63	2.41	-0.06	0.05	0.21	1.43	1.56	-0.17	0.00	-0.40	-1.55	1.23	-0.15	-1.20	0.62	1.26	-0.76	0.09	0.81	-0.60	1.24	0.09	0.26	-0.08	0.00	-1.56	0.58	0.31	-0.50	-0.76	-0.51	-0.05	-0.73	1.91	2.25	0.94	1.67	-0.99	-0.84	-0.15	0.23	0.48	-1.12	2.50	-0.79	-0.64	5.35	-0.33	-0.54	2.72	-0.25	-0.80	-1.76	0.00	0.52	0.52	0.07	-0.60	-0.82	7.17	-1.05	-0.81	-0.89		COND TSUB [PASTP] [PRESP] [PUBV] [WHQU] 
FIC-G01-006	-0.35	-0.44	-0.10	-0.29	-0.63	0.73	-0.75	-0.95	0.75	-0.52	0.56	1.17	-0.56	-0.10	-0.61	-0.46	-0.40	-1.01	-0.71	0.83	-0.73	-0.36	0.70	-0.78	-0.30	-0.38	-0.31	2.73	0.62	-0.58	1.20	0.06	-0.50	-0.72	-0.14	-0.25	-0.73	1.08	1.00	1.04	1.10	-0.62	1.02	-0.56	0.77	0.48	-0.21	-0.25	-0.52	-0.64	2.88	0.31	-0.34	3.04	2.75	1.00	-0.56	0.00	-0.07	1.35	0.68	0.60	-0.47	4.50	-0.15	-0.61	-0.22		PRED [PRESP] [PUBV] [SERE] [WHQU] 
FIC-G01-007	-0.58	-0.21	-0.77	-0.65	0.87	1.50	-0.75	-0.98	-0.23	0.00	-1.25	-0.12	1.33	0.02	-1.24	0.46	0.45	-1.14	0.10	0.51	-0.98	-0.91	-0.41	-0.12	0.01	1.47	-0.66	-0.04	0.60	-1.36	0.88	0.38	-0.50	-0.72	-0.83	0.23	-0.73	0.37	1.00	0.94	0.70	-0.71	0.69	-1.52	0.31	0.76	-0.06	5.50	-0.33	0.45	2.82	1.71	-0.86	1.15	-0.25	1.50	-1.72	0.00	0.96	0.94	0.10	0.60	-0.12	1.67	0.10	-0.06	-0.22		[PASTP] [PRESP] 
FIC-G01-008	-0.77	-0.65	-0.22	-0.65	-0.63	0.45	-0.75	-1.02	-0.08	-0.52	0.50	-1.00	1.11	-0.64	-0.03	-0.46	0.35	-1.31	-0.33	1.50	-0.94	-0.27	0.81	-0.82	-0.08	1.12	-0.66	0.08	-0.67	-1.36	0.54	-0.63	-0.50	-0.41	-0.29	0.20	-0.09	1.91	1.25	0.61	2.47	-1.43	-0.15	-1.15	-0.62	-0.17	-0.41	-0.25	-0.85	-0.64	1.47	-0.33	-0.06	3.20	-0.25	-0.10	-1.64	0.00	0.81	1.10	-0.41	0.10	-0.82	6.67	-0.35	0.55	0.67		VBD [PUBV] [WHQU] 
FIC-G01-009	-1.04	-0.94	-0.15	-0.65	-0.63	0.86	-0.75	-1.67	-0.96	-0.52	0.56	-0.10	-1.22	-1.04	0.47	-0.46	-0.70	0.04	-0.29	1.06	-0.06	-0.91	0.93	0.20	1.65	2.09	-1.23	3.27	-1.33	-1.65	-0.72	-1.06	-0.50	-0.62	-0.23	-0.84	-0.73	0.69	3.12	0.85	1.91	-2.27	-0.43	-0.98	0.54	-0.65	0.32	7.00	0.04	-0.64	5.41	-1.16	-0.86	-1.43	-0.25	0.70	-0.44	0.00	0.89	1.42	-0.76	-0.60	-0.82	-0.33	0.40	-0.32	0.72	VPRT 	PLACE PRED TSUB [PASTP] [PRESP] 
FIC-G01-010	-0.58	-0.94	-0.02	-0.65	-0.63	-1.14	-0.75	-1.48	-0.44	0.00	0.31	0.29	2.22	-0.95	-0.87	-0.46	-0.70	-0.45	-1.00	2.19	-0.86	0.18	1.04	0.78	0.65	3.47	-0.94	-0.85	-1.33	-2.10	-0.27	1.25	-0.50	-0.72	-0.43	-1.32	-0.73	1.10	1.00	0.65	1.66	-1.40	-0.16	-1.54	0.31	0.01	-0.52	6.00	-0.94	-0.64	3.82	-0.54	-0.86	1.33	-0.25	0.40	-1.72	0.00	0.63	1.06	-0.46	1.90	-0.82	5.83	-0.45	0.39	1.17	RB 	EX NN PLACE [PASTP] [PRESP] [WHQU] 
FIC-G01-011	-0.46	-0.33	0.00	-0.65	0.25	0.18	-0.75	-0.79	-0.04	-0.22	1.50	-0.45	0.39	-0.15	-0.68	-0.46	0.05	-0.90	-0.29	0.79	-0.32	1.73	0.07	-0.33	1.32	0.79	-0.20	1.00	0.93	-1.20	-0.03	0.31	0.67	-0.38	0.17	0.73	-0.73	0.68	2.25	0.37	1.11	-0.61	-0.80	-0.91	-0.62	0.25	1.09	3.50	-1.23	-0.64	4.59	-0.26	-0.66	2.76	-0.25	2.10	-0.16	0.00	0.59	2.35	0.12	0.10	-0.41	8.17	-0.30	-0.58	-0.06		TSUB [PASTP] [PRESP] [PUBV] [SMP] [SUAV] [WHQU] 
FIC-G01-012	-1.04	-0.73	-0.48	1.82	0.63	0.27	-0.12	-0.38	0.13	-0.52	2.00	-1.26	-0.06	-0.09	0.08	-0.46	-0.70	-1.24	-0.52	0.88	-1.09	0.00	0.30	-0.14	0.31	2.15	-1.06	0.58	-0.33	-1.13	0.11	-1.06	-0.50	1.00	-0.89	-1.55	-0.73	1.35	-0.50	0.51	1.86	-1.33	-0.20	-1.45	-0.62	0.28	-0.67	2.25	-0.85	-0.64	2.47	0.27	-0.57	1.46	-0.25	0.20	-1.36	0.00	1.19	-0.26	0.27	1.50	-0.82	3.17	0.50	0.19	0.83		PLACE [PASTP] [PRESP] [WHQU] 
FIC-G01-013	-1.04	-0.65	-0.83	-0.65	-0.63	-0.82	-0.75	-1.67	0.08	0.09	1.00	-0.81	0.39	-0.05	-1.08	0.08	-0.35	-1.47	-0.67	0.68	-0.88	-0.91	-0.44	-0.81	0.27	2.47	-0.43	-1.27	-0.64	-0.95	1.31	1.19	-0.50	-0.90	-0.26	-0.36	-0.73	2.69	-0.50	0.27	2.18	-0.94	1.08	-1.39	-0.08	0.74	-0.47	1.50	-0.69	-0.64	4.88	0.35	-0.23	1.63	-0.25	-0.80	-1.64	0.00	1.11	1.16	0.12	-0.60	-0.82	4.50	0.05	-0.81	2.72		PLACE TPP3 VBD [PRESP] [WHQU] [WZPRES] 
FIC-G01-014	-0.65	-0.73	-0.77	-0.65	-0.63	1.05	-0.75	-1.43	0.25	-0.09	0.56	0.12	1.44	-0.26	-0.32	-0.46	-0.70	-1.18	-0.52	0.14	-1.05	0.82	-0.56	-1.31	1.27	-0.35	0.29	1.54	1.67	-1.42	0.75	0.75	1.17	-1.14	1.54	0.79	0.18	1.33	-0.50	0.17	1.73	-1.06	-0.13	0.38	-0.62	0.89	0.15	-0.25	-0.90	-0.64	3.41	0.12	-0.86	0.54	-0.25	0.20	-2.20	0.00	1.41	0.00	0.90	1.30	-0.24	12.50	-0.55	-0.81	1.78	[SPAU] 	[PRESP] [WHQU] 
FIC-G01-015	-1.04	-0.35	-1.25	-0.65	-0.63	1.00	-0.75	-1.45	-0.17	-0.52	-0.69	0.07	-0.72	0.33	-1.61	-0.46	-0.25	-1.62	-0.57	-0.82	-0.99	-0.91	-0.93	-1.45	1.08	2.71	-1.11	1.46	1.36	-1.90	1.96	-0.50	1.00	-0.83	-0.40	0.21	-0.73	3.92	-0.50	-0.45	1.88	-0.58	2.33	-0.99	0.08	1.66	-1.17	-0.25	-0.75	-0.64	6.65	1.63	0.23	1.56	-0.25	-0.80	-1.84	0.00	0.30	1.19	1.32	1.30	-0.82	6.00	0.35	-0.19	1.72		PLACE TPP3 XX0 [PRESP] [WHQU] 
FIC-G01-016	-0.54	-0.40	-0.12	-0.65	1.00	0.59	-0.75	-1.74	-0.96	-0.52	1.13	-0.60	3.06	-0.99	-0.50	-0.46	-0.70	-0.30	-1.00	1.26	-0.85	-0.91	0.15	-0.07	-0.01	2.47	-0.57	1.15	-0.43	-2.27	-0.62	1.31	1.67	-0.24	-0.40	0.09	-0.73	1.17	5.88	0.70	2.51	-2.15	-1.18	-1.77	0.38	-0.52	1.65	-0.25	2.54	1.73	3.18	-0.50	-0.86	-1.19	-0.25	0.50	-1.68	0.00	1.63	-0.10	-0.76	-0.60	-0.82	-0.33	-0.40	0.03	2.67	RB VPRT 	EX PLACE TSUB VBD [PEAS] [PRESP] [WZPRES] 
FIC-G01-017	-0.42	-0.44	-0.30	0.76	-0.63	2.82	-0.25	-0.67	0.35	-0.52	-0.25	-0.19	0.11	0.05	-0.39	-0.46	-0.30	-1.05	-1.00	0.36	-0.72	-0.18	-0.07	-1.21	1.77	2.79	0.60	2.42	0.36	-1.22	1.62	0.44	-0.50	-0.86	0.09	1.43	0.00	0.21	-0.50	0.61	0.94	-0.61	1.20	-0.65	-0.62	0.89	-0.02	1.75	-0.29	-0.64	3.59	0.32	-0.40	1.65	-0.25	0.00	-0.92	0.00	0.15	0.58	0.59	1.80	-0.82	5.00	-0.25	-0.55	0.44		COND PLACE PRED [PRESP] [WHQU] 
FIC-G01-018	-1.04	-0.94	-1.07	-0.65	-0.63	1.45	-0.75	-1.90	-0.96	-0.52	-0.69	0.07	-0.17	-0.53	0.66	-0.46	-0.25	-1.61	1.24	-0.22	-0.79	-0.91	0.85	-0.58	0.15	1.59	0.51	-1.81	1.38	-1.62	-0.58	1.87	-0.50	0.17	1.77	-0.46	1.00	4.49	0.62	-0.84	2.24	-1.85	0.93	-1.98	-0.62	0.45	-1.17	9.25	0.17	-0.64	3.29	0.18	-0.86	-0.37	-0.25	-0.80	-1.44	0.00	1.37	0.90	-0.29	0.30	-0.82	2.83	-1.05	-0.19	0.67		TPP3 VBD [PASTP] [PRESP] [WHQU] 
FIC-G01-019	-0.65	-0.33	-0.95	-0.65	-0.63	3.64	-0.75	-1.90	0.25	0.30	-0.63	-0.81	3.06	0.35	-1.84	-0.46	-0.70	-1.29	-0.52	0.05	-0.25	0.82	-0.89	-1.67	3.00	0.79	1.09	1.15	2.31	-1.16	0.12	0.12	-0.50	-0.79	-0.94	0.07	-0.73	1.65	-0.50	0.51	1.46	-0.34	1.75	0.15	-0.62	1.54	-0.44	-0.25	-1.29	0.27	1.65	0.20	-0.31	2.83	-0.25	-0.80	0.12	0.00	0.67	0.61	0.17	3.20	-0.82	4.50	-0.55	-0.19	-0.33		COND EX PIT PRMD [PUBV] [WHCL] [WHQU] 
FIC-G01-020	-1.04	-0.33	-0.30	-0.65	-0.63	-0.27	-0.75	-2.12	-0.96	-0.52	-0.06	-1.26	0.94	-1.04	-1.08	-0.46	-0.70	-0.15	0.38	0.34	-0.04	-0.91	1.96	0.54	-0.37	3.35	-1.11	1.15	-0.88	-1.86	-0.51	0.12	1.17	-0.14	0.17	-1.29	-0.73	3.29	0.75	-0.45	2.48	-2.18	-0.92	-1.76	-0.62	-0.67	-1.02	2.25	0.38	-0.64	5.65	-0.62	-0.57	-1.24	-0.25	-0.80	-1.04	0.00	1.04	0.94	-0.29	-0.60	-0.82	-0.33	0.40	-0.19	1.28	DEMO VPRT 	PLACE TPP3 VBD [PASTP] [PRESP] 
FIC-G01-021	-0.58	-0.17	-1.25	-0.65	-0.63	-0.05	-0.75	-1.48	1.06	-0.52	1.81	0.24	2.17	0.22	-1.53	0.46	-0.70	-1.87	0.14	0.13	-0.71	0.18	0.11	-1.04	0.10	0.18	-0.60	1.00	2.14	-1.93	1.22	-0.31	-0.50	-1.14	0.60	0.61	0.36	2.95	1.00	0.61	2.37	-1.06	1.41	-0.93	-0.62	1.37	0.02	2.75	-0.94	-0.64	3.71	0.37	-0.17	1.06	-0.25	1.60	-1.24	0.00	1.52	0.26	-0.17	3.10	0.59	-0.33	-1.05	-0.81	0.44		EX PRMD TPP3 VBD [PASTP] [PRESP] [WHCL] 
FIC-G01-022	-1.04	-0.56	-0.15	-0.65	-0.63	-0.73	-0.75	-2.36	-0.96	-0.52	1.00	-0.43	0.28	-1.04	-0.66	-0.46	-0.70	-1.28	-1.00	1.49	-0.64	-0.09	2.70	0.39	-0.45	5.12	-0.63	-0.08	-0.90	-1.45	-0.59	0.06	-0.50	-0.83	-0.71	-0.91	-0.73	2.80	1.75	1.42	2.20	-2.08	-1.10	-1.95	-0.62	-0.63	-1.18	8.75	-1.13	0.18	3.59	-0.36	-0.86	-1.09	-0.25	2.80	-1.84	0.00	2.22	-0.06	-0.76	0.30	-0.29	-0.33	-0.60	-0.23	4.56	DEMO VPRT 	PHC PLACE TPP3 VBD [PASTP] [PRESP] [SMP] [STPR] [WZPRES] 
FIC-G01-023	-0.38	-0.94	0.10	-0.65	-0.63	-1.14	-0.75	-0.74	-0.96	0.96	0.88	-1.10	0.67	-1.04	-1.84	0.85	0.15	-0.87	-1.00	1.79	-0.55	2.18	1.26	0.43	-0.49	1.09	-0.20	-0.50	-0.93	-1.10	-0.72	0.00	-0.50	-0.55	1.46	-0.21	0.82	3.00	1.63	-0.45	2.28	-2.27	-0.56	-2.26	-0.62	-0.45	-1.20	4.00	-0.67	-0.64	4.41	-0.74	-0.86	-1.11	-0.25	7.70	-2.20	0.00	-0.74	0.16	-0.34	-0.60	-0.82	-0.33	-0.20	0.29	0.06	VPRT [BEMA] [SPAU] 	OSUB TPP3 VBD [PASTP] [PRESP] [SMP] 
FIC-G01-024	-1.04	-0.60	-0.45	-0.65	0.38	0.32	-0.75	-1.40	-0.96	-0.52	0.25	-0.55	0.11	-0.98	-0.37	-0.46	-0.70	-0.63	-1.00	1.67	-0.99	-0.18	0.22	-0.29	2.04	4.26	-0.51	0.04	-0.95	-1.73	-0.60	0.94	-0.50	-1.14	0.80	0.77	0.00	1.62	4.50	0.27	1.91	-2.22	-1.00	-1.97	-0.62	-0.55	-0.97	3.75	-1.04	-0.64	6.94	-0.50	-0.86	-1.28	-0.25	-0.80	-1.56	0.00	0.44	-0.42	-0.17	-0.60	-0.35	-0.33	-1.05	-0.29	5.33	VPRT 	PIT PLACE TSUB [PASTP] [PRESP] [WZPRES] 
FIC-G01-025	-1.04	-0.67	-0.87	-0.65	-0.63	-0.55	0.06	-0.52	-0.96	0.61	4.38	-0.57	0.22	-0.50	-0.50	0.54	-0.05	-1.38	-0.38	0.50	-1.11	2.64	-1.26	-0.91	0.90	0.59	0.91	1.15	0.81	-1.10	0.12	1.38	-0.50	-0.24	-0.03	-0.59	-0.73	2.10	1.13	0.08	1.86	-1.48	-0.75	-1.08	0.38	0.59	-0.29	9.50	2.31	-0.64	3.18	-0.13	-0.86	0.00	-0.25	0.50	0.36	0.00	1.63	0.71	-0.44	2.00	-0.82	4.00	-1.05	-0.39	1.94		DWNT OSUB TPP3 [PASTP] [PEAS] [PRESP] [WHQU] 
FIC-G01-026	-0.65	-0.73	-0.55	-0.65	0.63	1.18	-0.75	-0.90	-0.54	-0.52	1.31	-0.29	1.06	-1.04	-0.50	-0.46	-0.70	-1.93	-0.05	-0.35	-0.74	0.91	1.00	-0.74	0.70	1.79	0.09	-1.42	1.57	-0.55	-0.72	0.87	-0.50	-0.79	1.43	0.96	-0.73	4.50	0.75	0.12	2.63	-2.15	0.61	-1.91	-0.62	0.10	-0.98	-0.25	0.50	-0.64	8.41	0.22	-0.29	-0.85	-0.25	2.30	-0.56	0.00	-0.37	2.35	-0.27	0.40	-0.82	8.17	-0.55	-0.81	0.22	VPRT 	TPP3 VBD [PRESP] [SMP] [SUAV] [WHQU] 
FIC-G01-027	-0.42	0.21	-0.63	-0.65	-0.63	1.00	-0.75	-0.31	0.83	0.48	0.19	-0.02	0.50	0.21	-1.24	-0.46	-0.70	-1.28	-0.62	1.24	-1.17	1.18	0.19	-1.16	1.73	0.71	0.11	2.08	0.52	-1.51	0.92	-0.06	-0.50	0.21	0.09	-0.57	0.73	1.44	-0.50	0.03	1.50	-0.56	-0.62	-0.60	-0.62	0.95	0.08	1.75	-0.75	-0.64	1.71	0.60	-0.86	2.48	1.75	-0.80	-1.88	0.00	0.41	0.06	0.00	0.20	-0.35	4.83	-1.05	-0.55	0.00		PRED [PUBV] [WHQU] 
FIC-G01-028	-1.04	-0.94	-0.48	-0.65	0.00	-0.64	-0.75	-1.71	-0.50	-0.30	0.44	0.05	-0.33	-0.62	-0.97	-0.46	-0.70	-0.91	-0.48	1.06	-0.89	-0.45	-0.44	-0.35	1.62	2.44	-0.40	-0.12	-0.43	-1.44	0.15	-0.75	-0.50	-0.97	0.54	-0.71	-0.73	2.42	0.88	0.56	2.22	-1.76	-0.33	-1.66	-0.62	0.06	-0.79	5.25	-0.62	-0.64	6.76	-0.47	-0.54	0.28	-0.25	0.80	-1.32	0.00	0.89	1.87	0.05	1.00	-0.82	1.50	-0.25	-0.29	2.11		PLACE TPP3 VBD [PASTP] [PRESP] [WZPRES] 
FIC-G01-029	-1.04	-0.58	-0.58	-0.65	0.50	-0.36	-0.75	-2.14	-0.42	-0.13	0.38	-0.69	-0.28	-0.68	-0.95	0.23	-0.70	-0.48	-1.00	1.44	-1.08	-0.09	0.96	-0.11	1.70	2.38	-0.17	-0.50	-0.31	-1.91	0.65	-1.06	-0.50	-1.14	0.49	-0.50	-0.73	0.89	-0.50	0.41	1.83	-1.84	-0.69	-1.62	-0.62	-0.22	-1.32	-0.25	-1.15	-0.64	4.47	-0.57	-0.60	0.17	-0.25	0.90	-2.20	0.00	1.19	1.58	0.29	0.30	-0.82	2.50	-0.60	-0.52	2.94	DEMO [SPAU] 	PLACE [PRESP] [WHQU] [WZPRES] 
FIC-G01-030	-1.04	-0.56	-0.73	-0.65	-0.63	-0.32	-0.38	-1.79	0.31	-0.26	-0.88	-0.19	0.11	-0.39	-1.21	-0.46	0.50	-1.29	-0.71	0.99	-0.88	-0.36	0.78	-0.05	0.25	3.38	-0.80	-0.65	0.40	-1.35	0.20	-0.69	-0.50	-1.14	-0.09	0.05	-0.73	2.15	1.00	0.51	2.41	-1.91	-0.80	-1.96	-0.62	0.02	-1.09	-0.25	-0.48	-0.64	5.12	-0.33	-0.17	0.48	-0.25	-0.20	-1.48	0.00	1.74	0.42	-0.32	2.40	-0.82	1.67	-1.05	0.16	0.78		PLACE TPP3 VBD [PRESP] [WHCL] 
FIC-G01-031	-1.04	-0.67	-0.70	-0.65	-0.63	-0.55	0.06	-0.48	-0.69	-0.52	-0.44	0.07	1.00	-1.04	-0.79	-0.46	-0.70	-1.47	-1.00	0.62	-1.10	1.45	-0.78	0.39	1.34	1.82	0.23	-0.81	0.24	-1.32	-0.53	0.56	1.67	-1.14	-0.34	0.18	0.45	3.14	-0.50	0.41	2.25	-1.96	-0.97	-2.28	-0.62	-0.09	-1.06	-0.25	-0.38	-0.64	8.76	-0.46	-0.49	-0.94	-0.25	-0.80	-2.20	0.00	1.70	-0.94	-0.12	-0.60	-0.82	1.83	-1.05	-0.39	1.33	[BEMA] [SPAU] 	TPP3 VBD [PRESP] 
FIC-G01-032	-0.50	-0.65	-1.17	-0.65	-0.63	1.36	-0.75	-0.40	1.90	1.26	1.31	-0.52	0.28	0.64	-1.84	0.62	-0.70	-2.06	-1.00	0.05	-1.00	0.36	-0.26	-0.68	0.28	0.71	0.29	1.88	0.95	-1.01	2.26	-0.19	-0.50	-0.66	-0.31	1.00	-0.73	1.35	-0.50	-0.21	2.19	-1.07	1.08	-1.39	-0.62	1.48	0.83	3.25	-1.38	1.82	2.65	0.77	1.49	1.37	-0.25	-0.80	-2.20	0.00	1.78	-0.06	0.90	3.50	-0.82	2.00	-0.35	-0.35	-0.11	JJ [SPAU] 	SPP2 VBD [PASTP] [PRESP] [WHCL] 
FIC-G01-033	-1.04	-0.21	-1.20	-0.65	-0.63	-0.36	-0.19	-1.12	-0.06	0.22	0.94	0.36	-0.72	-0.21	-0.92	-0.46	-0.70	-2.07	-0.57	-0.29	-0.96	0.64	0.04	-0.56	0.51	2.41	0.31	0.19	1.98	-1.21	0.92	-0.50	-0.50	-0.83	1.49	1.21	-0.73	3.84	-0.50	-0.21	2.54	-1.58	0.46	-1.69	-0.62	0.67	-0.14	4.00	-0.48	0.18	5.00	0.69	0.37	0.98	-0.25	-0.80	-1.16	0.00	0.85	2.42	1.37	2.00	-0.82	4.00	-1.05	-0.81	0.06	JJ 	PLACE TPP3 VBD [PASTP] [PRESP] [SUAV] [WHQU] 
FIC-G01-034	-0.27	-0.52	-0.52	-0.65	-0.63	-1.14	-0.75	-0.45	-0.54	-0.52	0.00	-1.02	-1.22	-1.04	-0.26	-0.46	-0.70	-0.46	-0.05	0.49	-0.69	-0.91	0.22	0.53	-0.89	7.91	-0.51	-0.27	0.57	-1.45	-0.72	-1.06	2.83	0.24	1.37	-0.87	-0.73	2.58	4.50	0.32	2.17	-2.21	-1.39	-2.35	-0.62	-0.62	-0.85	-0.25	-0.12	-0.64	2.94	0.58	-0.86	-1.43	-0.25	-0.80	-1.40	0.00	0.00	-0.29	0.22	1.40	-0.82	-0.33	-1.05	-0.81	1.33	VPRT [BEMA] 	PLACE THAC TPP3 TSUB VBD [PRESP] 
FIC-G01-035	-1.04	-0.94	-1.17	-0.65	-0.63	-1.14	-0.75	12.07	-0.96	-0.52	-1.25	-1.50	15.61	0.12	-1.84	-0.46	-0.70	-0.01	-1.00	0.89	-1.38	-0.91	9.96	-3.16	-1.45	8.00	15.66	9.85	5.88	-3.73	3.67	-1.06	-0.50	-1.14	7.17	-2.66	-0.73	-1.33	-0.50	-8.24	-1.32	-0.50	3.57	0.21	-0.62	2.53	-1.45	-0.25	-1.65	-0.64	-0.59	-1.73	-0.86	-1.43	-0.25	-0.80	-2.20	0.00	-0.74	-0.94	-0.76	-0.60	-0.82	-0.33	-1.05	-0.81	-0.89	PIN RB TO TTR [SPAU] 	DEMO EX PHC PLACE POMD PRED PRMD SPP2 TIME XX0 [CONT] 
FIC-G01-036	-1.04	-0.46	-0.83	-0.65	-0.63	2.55	0.00	-0.43	-0.23	-0.52	4.50	-0.67	2.00	-0.91	-0.63	-0.46	-0.70	-0.71	0.10	0.64	-0.90	0.18	0.89	-0.21	-0.48	2.15	-0.34	-0.04	1.69	-1.56	-0.46	-0.31	-0.50	-1.14	0.83	-1.43	0.36	3.14	1.00	-0.07	1.76	-2.13	-0.44	-2.01	-0.62	-0.11	1.35	5.50	4.12	-0.64	0.12	-0.51	-0.86	-1.20	5.50	1.50	-1.28	0.00	-0.74	0.55	-0.76	0.60	-0.82	1.67	-0.45	-0.81	1.06	VPRT [BEMA] 	COND DWNT PLACE TPP3 [PASTP] [PEAS] [SERE] 
FIC-G01-037	-1.04	-0.69	-0.50	0.06	-0.63	0.50	-0.75	-1.21	-0.46	0.00	0.25	-0.64	-1.22	-0.17	-1.21	1.38	-0.70	-1.44	-0.43	0.63	-0.72	-0.91	-0.37	-0.76	0.58	1.21	-0.29	1.88	-0.76	-0.86	1.20	-1.06	-0.50	-0.72	-0.11	0.55	0.36	3.27	-0.50	1.47	2.12	-1.35	0.97	-0.96	0.31	0.82	-0.73	-0.25	-0.50	-0.64	7.18	0.46	-0.17	1.02	2.75	-0.80	-0.76	0.00	1.04	1.00	1.00	0.60	-0.82	1.67	-1.05	-0.81	-0.89		TPP3 VBD [PRESP] [SERE] 
FIC-G01-038	-1.04	-0.40	-0.55	0.88	-0.63	1.59	-0.19	0.29	0.29	-0.13	-1.25	-0.29	2.11	0.75	-0.95	0.23	-0.25	-1.60	-0.19	0.71	-1.15	-0.09	0.33	-0.89	0.35	0.35	0.54	1.15	-0.31	-0.97	0.89	1.06	-0.50	-1.14	-0.26	0.39	0.82	0.57	-0.50	0.03	1.23	-0.40	0.28	-1.27	1.38	0.97	-0.80	2.00	-0.50	-0.64	2.94	1.31	0.37	1.57	-0.25	-0.80	-1.84	0.00	0.85	-0.39	0.71	5.40	-0.29	5.33	0.25	-0.52	-0.39		EX [PRESP] [WHCL] [WHQU] 
FIC-G01-039	-0.50	-0.21	-1.05	-0.24	-0.63	1.73	-0.31	-0.19	-0.38	-0.22	-0.38	0.50	2.28	0.08	-1.47	0.08	-0.70	-1.48	-1.00	0.53	-0.85	1.64	-0.48	-1.21	0.82	1.35	-1.66	0.62	-0.50	-0.67	1.46	-0.63	-0.50	-1.14	-0.29	0.46	-0.73	1.65	-0.50	-0.45	2.11	-0.68	1.36	-0.77	-0.62	1.38	-0.82	-0.25	-1.25	-0.64	1.88	0.09	-0.26	1.94	-0.25	-0.10	-1.08	0.00	1.07	0.19	-0.24	1.50	-0.82	3.17	-0.35	-0.81	0.28		EX VBD [WHQU] 
FIC-G01-040	-0.42	-0.60	-0.48	-0.65	1.38	1.82	0.25	-1.21	0.40	-0.52	2.81	0.43	2.39	0.32	-1.84	-0.46	0.10	-1.34	0.52	0.28	-0.03	2.00	-0.67	-1.56	1.51	1.47	0.66	-0.58	0.60	-0.80	0.80	1.94	-0.50	-0.59	-0.11	1.37	-0.73	0.53	3.50	1.13	1.23	-0.67	0.72	-1.28	-0.62	0.92	-0.73	-0.25	-1.04	-0.64	2.24	0.29	-0.40	2.17	-0.25	2.40	-2.20	0.00	-0.74	-0.42	0.41	2.60	-0.82	-0.33	-1.05	-0.29	1.78	[SPAU] 	DWNT EX TSUB [PRESP] [PUBV] [SMP] [WHCL] 
FIC-G01-041	-1.04	-0.33	-0.58	-0.65	-0.63	1.50	1.06	-0.98	-0.35	-0.52	-0.38	-0.81	-0.44	-0.38	-1.08	-0.46	0.00	-0.99	0.38	1.32	-1.08	0.36	0.89	-0.41	0.38	0.79	-0.43	-0.15	-0.31	-0.85	0.33	-0.19	-0.50	-1.14	-0.26	-0.86	-0.73	2.80	1.25	0.41	2.02	-1.17	-0.44	-1.45	0.46	0.13	0.52	-0.25	-0.83	-0.64	1.94	-0.20	-0.46	0.98	-0.25	0.60	-0.48	0.00	3.00	0.94	-0.05	-0.60	-0.82	4.50	-1.05	0.13	0.72		TPP3 VBD [STPR] [WHQU] 
FIC-GUU-001	-0.46	-0.06	-0.58	-0.65	-0.25	1.45	-0.19	-1.07	0.04	-0.13	0.44	-0.29	0.28	0.19	-0.50	0.23	-0.40	-0.96	0.86	0.37	-0.70	0.45	-0.59	-1.11	1.11	0.50	0.46	2.19	1.07	-1.31	0.60	0.44	2.50	0.41	0.40	0.00	-0.18	1.62	-0.50	1.04	1.90	-1.32	1.34	-0.51	-0.62	0.67	-0.77	-0.25	0.81	-0.36	-0.06	0.39	0.17	0.56	0.50	1.30	-0.52	0.00	-0.52	0.13	0.05	0.90	-0.82	2.67	-0.15	-0.52	-0.06		PRED THAC [WHQU] 
FIC-G0S-001	-0.92	1.54	-0.48	-0.53	0.63	-0.14	-0.19	-0.90	-0.52	-0.26	-0.06	-0.67	-0.61	-0.36	-0.13	-0.38	-0.45	-0.74	-0.05	1.04	-0.71	0.82	2.33	0.14	-0.32	1.03	0.17	0.08	0.67	-1.78	-0.20	0.06	-0.17	-0.48	0.31	0.37	0.09	2.40	1.63	0.56	0.94	-1.61	-0.07	-1.89	-0.08	-0.44	-0.44	1.75	0.54	0.09	0.82	-0.27	-0.51	-0.80	1.00	0.00	-1.12	0.00	-0.15	0.42	-0.17	0.20	-0.76	0.17	-0.15	-0.32	0.28		PHC TPP3 
FIC-G0S-002	-0.92	2.08	-0.77	-0.47	1.13	-0.77	-0.56	-0.74	0.19	-0.17	-0.56	0.07	-0.33	-0.83	-0.68	-0.46	0.10	-0.55	-1.00	1.65	-0.97	-0.18	1.89	-0.43	0.63	0.71	-0.17	-0.23	-0.62	-1.49	-0.40	0.63	-0.50	-0.97	0.00	0.02	0.27	2.71	0.13	0.61	-0.29	-0.09	0.05	-1.62	-0.38	0.26	-0.38	2.50	-0.81	-0.36	2.47	0.11	-0.46	-0.76	2.50	-0.50	-1.56	0.00	0.07	-0.58	-0.02	-0.10	-0.65	1.00	-0.80	-0.65	0.50		ANDC TPP3 [PASTP] [PRESP] [SERE] 
FIC-G0S-003	-0.46	1.42	-0.45	-0.24	0.63	0.27	-0.12	-1.17	-0.17	-0.26	-0.06	0.14	-0.06	-0.28	-0.66	-0.31	-0.25	-0.36	-0.33	0.87	-0.66	0.00	1.30	-0.50	0.21	0.74	0.09	0.54	0.17	-1.44	0.23	-0.13	-0.17	-0.69	0.17	0.05	-0.36	2.28	0.50	2.00	1.22	-1.31	0.52	-1.27	-0.38	0.37	-0.73	1.50	-0.29	-0.45	0.94	0.19	-0.46	0.11	1.75	0.00	-1.12	0.00	0.33	0.03	0.12	0.30	-0.59	1.50	-0.60	-0.52	0.83		TPP3 
FIC-G0Y-001	-0.12	0.06	-0.32	0.06	-0.25	-0.05	-0.12	-0.69	0.27	0.35	0.12	0.45	0.67	0.04	-1.03	-0.08	0.00	-0.52	0.52	0.40	-0.39	-0.45	0.93	-0.46	0.58	0.53	-0.46	0.81	0.64	-0.98	0.70	0.31	-0.50	-0.66	0.60	0.11	0.18	1.04	0.38	0.99	1.30	-1.05	1.39	-0.69	-0.23	0.57	-0.50	3.25	-0.15	0.45	1.00	0.82	-0.31	0.69	1.00	1.40	-0.84	0.00	0.00	-0.06	0.20	0.20	-0.82	1.33	-0.70	-0.58	0.44		[PASTP] 
FIC-G0Y-002	-0.38	0.42	-0.05	-0.53	1.25	-0.77	-0.12	-0.21	-0.48	0.22	0.56	0.24	0.89	-0.51	0.08	-0.15	-0.30	-0.12	-0.29	0.90	-0.28	0.00	2.00	-0.25	1.52	1.12	-0.40	0.42	-0.19	-1.51	0.04	0.25	-0.50	0.07	1.03	-0.70	0.18	0.86	0.75	-0.12	1.21	-1.28	0.38	-1.36	-0.15	-0.02	-0.61	5.50	0.52	1.09	2.47	0.25	-0.43	-0.22	1.25	0.50	-1.04	0.00	-0.04	-0.32	-0.24	0.20	-0.82	0.33	-0.85	-0.48	0.61		[PASTP] [PRESP] 
FIC-G0Y-003	-0.27	0.60	-0.12	-0.35	1.00	-0.55	-0.19	-0.48	0.17	0.04	0.69	0.36	0.50	-0.25	-0.74	0.62	-0.35	0.16	0.10	0.59	-0.65	-0.09	0.89	-0.48	0.41	1.91	-0.06	1.23	0.21	-0.94	-0.12	0.50	-0.50	-0.52	1.03	-0.18	-0.55	0.91	0.38	1.42	1.60	-1.38	0.66	-1.04	-0.31	0.24	-0.44	4.25	-0.27	2.00	0.88	0.19	-0.40	0.85	1.00	1.90	-1.12	0.00	0.11	0.10	0.27	0.10	-0.82	2.33	-0.60	-0.52	0.22		[PASTP] [WHQU] 
FIC-G0Y-004	-0.23	0.73	-0.60	-0.41	1.00	0.36	0.94	-0.40	0.04	0.22	0.06	-0.31	1.56	-0.01	-0.74	0.15	-0.05	-0.43	-0.19	0.07	-0.67	0.45	1.52	-0.73	0.58	0.32	1.14	1.81	0.86	-1.09	0.42	0.25	-0.50	-0.79	0.14	0.21	-0.36	1.28	0.25	1.09	1.42	-1.23	0.67	-0.62	-0.15	0.23	-0.70	3.00	0.81	-0.09	1.12	0.74	0.03	0.31	0.75	0.70	-1.04	0.00	0.19	0.13	0.12	0.70	-0.82	3.17	-0.85	-0.74	-0.06		[PASTP] [WHQU] 
FIC-G0Y-005	-0.27	0.52	-0.28	-0.65	0.25	-0.32	-0.31	-0.43	-0.19	0.35	0.25	-0.55	1.00	-0.07	-0.45	-0.46	-0.15	-0.60	-0.48	0.65	-0.50	0.27	1.26	-0.43	0.31	0.82	-0.54	1.31	0.24	-1.27	0.49	0.44	-0.17	-0.62	0.03	-0.30	0.09	1.35	-0.50	0.94	1.55	-1.14	0.52	-1.01	-0.15	0.31	-0.76	3.50	0.33	0.18	0.41	0.55	-0.43	0.57	1.50	0.90	-1.48	0.00	0.07	-0.03	0.00	0.70	-0.82	2.50	-0.60	-0.26	0.11		[PASTP] [WHQU] 
FIC-G0Y-006	0.12	0.15	-0.25	0.41	0.87	0.14	-0.25	-0.60	0.17	0.17	0.12	-0.07	0.33	-0.14	-1.05	0.00	-0.10	-0.68	0.33	0.86	-0.53	-0.36	0.44	-0.44	0.65	0.50	-0.11	0.88	0.38	-1.28	0.39	0.81	0.50	-0.31	0.91	0.04	-0.73	1.23	0.75	0.75	1.41	-1.07	0.95	-0.69	-0.31	0.57	-0.42	4.75	-0.12	0.27	1.41	0.37	-0.40	0.81	0.75	2.20	-1.08	0.00	0.67	0.61	0.37	0.60	-0.47	1.33	-0.85	-0.42	0.33		[PASTP] [SMP] 
FIC-G0Y-007	-0.23	0.79	-0.65	0.00	0.25	-0.09	-0.50	-0.83	0.48	0.39	-0.13	-0.45	0.94	0.02	-1.11	-0.08	0.25	-0.47	0.19	0.21	-0.77	-0.09	1.15	-0.76	0.72	0.44	-0.09	0.92	0.48	-0.86	0.77	1.56	-0.50	-0.24	0.77	-0.36	0.27	1.13	1.00	0.94	1.35	-0.85	1.03	-0.96	-0.08	0.58	-0.68	2.75	0.48	1.00	1.29	0.75	-0.06	1.00	0.75	1.10	-1.20	0.00	0.22	-0.65	0.24	0.60	-0.82	3.83	-0.60	-0.42	0.28		[PASTP] [WHQU] 
FIC-G0Y-008	0.27	1.10	-0.58	-0.29	2.63	0.05	-0.25	-0.26	0.38	0.17	-0.50	-0.55	1.44	0.54	-0.68	0.15	0.10	-0.57	0.33	-0.30	-0.58	0.36	1.11	-0.70	0.18	0.38	0.57	0.65	0.62	-1.05	0.56	0.06	-0.50	0.24	1.54	0.23	-0.36	1.42	0.25	1.28	1.33	-0.93	0.61	-1.11	0.31	0.36	-0.76	0.25	0.92	0.45	0.71	1.21	-0.46	0.43	2.75	2.40	-1.16	0.00	0.37	-0.23	0.07	1.20	-0.82	2.67	-0.25	-0.35	0.33		CONC [SERE] [SMP] [WHQU] 
FIC-G01-001	-1.04	-0.94	-0.20	-0.65	-0.63	-1.14	-0.75	-2.36	-0.96	-0.52	-1.25	-1.50	-1.22	-1.04	-1.84	-0.46	-0.70	-1.83	-1.00	8.24	-1.38	-0.91	8.48	0.83	-1.45	6.82	-1.66	-1.81	-1.33	-3.73	-0.72	-1.06	-0.50	-1.14	6.03	-2.66	-0.73	1.01	-0.50	-8.05	-1.32	0.03	-1.39	-0.21	-0.62	-0.73	-1.45	-0.25	-1.65	-0.64	-0.59	-1.73	-0.86	-1.43	-0.25	-0.80	-2.20	0.00	-0.74	-0.94	-0.76	-0.60	-0.82	-0.33	-1.05	-0.81	-0.89	DEMO RB TO TTR [SPAU] 	NN PHC PLACE TIME 
FIC-GUU-002	-0.12	0.04	-0.25	-0.06	-0.25	-0.23	-0.12	-1.40	-0.04	-0.22	0.88	0.26	0.44	-0.21	-0.42	-0.23	-0.20	-0.95	-0.52	1.17	-0.61	-0.64	0.37	-1.13	0.11	0.88	0.57	2.85	1.00	-1.79	-0.11	0.63	0.67	-0.45	-0.03	0.41	0.45	1.60	-0.50	1.13	2.03	-1.47	0.43	-0.39	-0.62	0.33	-0.48	4.00	0.23	-0.36	0.18	-0.24	0.11	-0.30	-0.25	-0.10	-1.00	0.00	0.00	0.16	0.15	0.70	-0.82	-0.33	0.45	-0.58	-0.33		PRED VBD [PASTP] 
FIC-GUU-003	-0.65	-0.04	-0.28	-0.06	-0.63	1.41	-0.56	-1.57	-0.15	-0.22	1.00	-0.26	-0.33	-0.47	-0.82	-0.23	-0.35	-0.48	-0.67	1.54	-0.68	0.55	0.56	-0.41	0.44	0.24	0.20	1.35	1.17	-1.85	0.18	-0.88	0.00	-0.24	-0.17	-0.09	-0.09	1.08	-0.50	0.75	1.76	-1.53	0.38	-0.67	-0.08	0.19	0.18	0.50	0.98	-0.36	0.35	-0.19	-0.49	-0.28	0.50	-0.10	-0.48	0.00	-0.37	0.65	0.05	-0.30	-0.82	1.83	-0.40	-0.06	-0.50		
FIC-GUU-004	-0.85	-0.38	-0.25	-0.47	-0.25	0.23	-0.44	-1.26	-0.63	-0.17	0.12	0.24	1.17	-0.97	-0.92	-0.23	0.25	-0.52	-0.62	1.02	-0.51	0.09	0.33	-0.17	1.18	0.68	0.37	1.73	-0.10	-1.63	-0.48	0.44	1.33	0.17	-0.17	0.45	0.27	1.72	-0.50	1.86	2.17	-2.13	-0.46	-1.15	-0.38	-0.56	-0.76	4.50	2.10	-0.18	1.35	-0.22	-0.54	-0.72	3.75	0.30	-1.24	0.00	-0.33	0.65	0.05	0.80	-0.65	0.17	0.15	-0.10	-0.61	VPRT 	VBD [PASTP] [PEAS] [SERE] 
FIC-GUU-005	-0.54	0.10	-0.73	1.24	-0.25	1.45	-0.19	-0.79	0.23	-0.13	0.12	0.21	0.00	0.03	-0.61	0.00	-0.40	-1.32	-0.10	0.69	-0.97	0.27	0.26	-0.94	1.30	1.59	0.77	3.65	1.45	-1.24	0.17	-0.06	1.00	-0.59	-0.06	0.32	1.00	1.59	-0.50	0.08	2.03	-1.51	1.25	-0.33	-0.15	0.72	-0.64	0.50	1.31	-0.64	0.53	0.14	0.14	-0.20	1.25	-0.80	-0.92	0.00	-0.26	0.10	1.24	-0.30	-0.82	3.83	-0.60	-0.71	-0.17		PRED VBD [WHQU] 
FIC-GUU-006	-0.58	0.27	-0.58	0.59	0.12	0.68	-0.19	-1.19	0.00	-0.52	0.44	-0.05	0.78	-0.12	-0.55	1.15	0.65	-0.82	-0.29	0.78	-0.71	0.73	-0.26	-0.87	0.90	0.44	0.86	1.35	1.05	-1.65	0.64	-0.13	0.00	-0.41	-0.34	0.70	0.36	1.29	-0.13	1.66	1.83	-1.43	0.34	-0.80	-0.15	0.28	-0.62	1.25	1.33	-0.64	-0.06	0.11	-0.17	0.09	-0.25	-0.50	-1.12	0.00	0.04	0.23	-0.10	1.20	-0.65	2.67	-0.30	-0.61	-0.22		[WHQU] 
FIC-GUU-007	-0.42	0.73	-0.40	-0.06	-0.63	1.77	0.06	-1.67	0.44	-0.26	0.38	0.40	0.00	0.14	-0.74	-0.23	-0.20	-0.81	-0.10	0.76	-0.65	0.82	-0.07	-1.28	1.89	0.59	0.17	2.88	1.95	-1.55	0.65	-0.44	0.00	-0.24	-0.11	0.54	-0.18	1.60	-0.50	0.75	1.60	-1.08	0.92	-0.12	-0.38	1.02	-0.88	0.50	0.19	-0.09	0.53	0.06	0.51	0.35	0.50	-0.20	-1.04	0.00	-0.26	-0.10	-0.05	0.40	-0.65	4.00	-0.75	-0.71	0.17		PRED [WHQU] 
FIC-GUU-008	-0.69	0.58	-0.55	0.94	0.50	1.23	-0.19	-0.76	0.38	-0.26	-0.88	0.88	0.11	-0.15	-0.55	-0.46	-0.40	-1.04	0.43	1.10	-0.81	0.18	0.44	-1.31	1.46	0.53	0.17	1.58	0.90	-1.46	0.32	0.25	0.50	0.00	0.43	0.27	-0.73	1.34	-0.13	0.65	1.67	-1.17	1.10	-0.71	-0.62	0.59	-1.00	1.25	0.63	-0.64	0.29	0.70	0.20	0.78	-0.25	0.10	-1.60	0.00	0.04	-0.35	0.59	0.90	-0.47	3.17	-1.05	-0.71	0.28		[WHQU] 
FIC-GUU-009	-0.38	0.40	-0.22	-0.06	-0.63	0.86	-0.56	-0.57	0.17	-0.52	1.31	-0.05	1.06	0.02	-1.21	-0.23	-0.20	-0.38	-0.05	0.50	-0.13	0.00	-0.37	-0.98	1.27	1.38	0.86	2.23	0.69	-1.40	0.78	0.63	1.17	-0.55	-0.71	0.68	-0.09	1.08	-0.50	2.00	1.42	-0.97	0.39	-0.87	0.46	0.42	-0.74	0.50	-0.29	0.27	-0.18	0.16	-0.37	0.52	-0.25	1.20	-0.44	0.00	-0.37	0.94	0.24	1.40	-0.65	3.67	-0.20	-0.58	-0.11		PRED [WHQU] 
FIC-GUU-010	0.23	0.52	-0.60	0.12	-0.63	1.41	-0.56	-0.69	0.00	0.04	-0.19	0.48	1.17	-0.09	-1.50	0.54	-0.20	-0.92	-0.19	0.44	-0.56	0.64	-0.52	-1.20	0.75	0.26	0.23	3.54	0.64	-1.62	0.43	0.19	1.17	-0.55	-0.17	0.66	-0.45	1.88	-0.13	1.18	2.31	-1.41	1.05	-0.22	-0.38	0.68	-0.55	-0.25	0.25	-0.36	0.18	0.60	0.74	-0.13	0.50	0.90	-1.12	0.00	-0.26	0.35	0.29	1.10	-0.41	0.83	-0.55	-0.71	-0.50		PRED VBD 
FIC-GUU-011	-0.77	-0.17	-0.50	-0.24	-0.63	1.05	-0.31	-1.07	0.04	-0.22	0.44	-0.12	-0.11	-0.31	0.05	-0.23	-0.20	-1.40	0.48	0.99	-0.60	-0.27	-0.26	-0.85	1.04	1.21	1.06	2.38	0.93	-1.62	0.20	0.00	-0.50	-0.21	-0.51	-0.11	0.18	2.03	-0.50	0.89	2.29	-1.49	1.51	-0.61	-0.38	0.67	-0.79	1.50	0.17	-0.64	0.41	0.16	-0.37	0.78	-0.25	0.20	-1.52	0.00	0.41	0.06	1.00	-0.30	-0.65	3.67	-0.20	-0.48	0.22		PRED TPP3 VBD [WHQU] 
FIC-GUU-012	-0.58	0.13	-0.48	-0.65	-0.13	-0.09	-0.50	-1.24	-0.06	0.00	0.19	-0.10	0.28	0.16	-0.11	-0.15	-0.30	-1.09	0.29	0.88	-0.81	0.55	-0.41	-0.63	1.46	0.24	0.23	2.27	1.45	-1.73	0.30	0.63	-0.50	-0.45	-0.03	0.41	0.36	1.36	-0.50	0.85	2.01	-1.39	0.72	-0.55	0.31	0.68	-1.05	-0.25	-0.23	-0.64	0.35	-0.08	0.37	0.61	-0.25	0.00	-1.28	0.00	0.11	0.06	0.78	-0.60	-0.82	4.83	-0.85	-0.42	-0.67		PRED VBD [WHQU] 
FIC-GUU-013	-0.15	0.23	-0.70	0.18	0.12	1.18	-0.38	-1.40	0.40	-0.04	-0.19	0.05	-0.44	0.29	-0.95	0.15	0.30	-0.89	0.76	0.82	-0.93	0.64	-0.63	-1.36	0.58	0.82	-0.20	2.42	0.74	-1.56	0.80	1.06	0.00	-0.07	-0.20	0.71	-0.18	1.31	-0.50	0.80	1.75	-1.05	1.10	-0.19	-0.38	0.96	-0.82	0.50	0.52	-0.09	-0.24	0.85	-0.14	0.81	1.25	0.30	-1.08	0.00	0.00	0.81	0.83	1.90	-0.47	3.50	-0.35	-0.71	-0.28		PRED [WHQU] 
FIC-GVL-001	-0.65	1.15	-0.35	-0.41	-0.50	-0.09	-0.62	-1.26	-0.19	-0.30	0.25	0.07	0.72	0.50	-0.47	0.54	-0.45	-0.11	-0.29	1.69	-0.67	0.27	0.78	-0.36	0.20	0.88	0.00	0.46	-0.02	-1.86	-0.23	-0.38	-0.33	-0.83	-0.46	-0.71	-0.27	0.82	0.38	1.37	1.53	-1.69	-0.10	-1.27	-0.08	0.03	-0.59	2.00	0.19	-0.36	1.94	-0.13	-0.57	-0.48	0.25	-0.20	-1.36	0.00	0.30	-0.35	0.15	0.20	-0.76	0.50	-0.70	-0.42	0.72		
FIC-GVL-002	-0.42	1.58	-0.25	-0.59	0.12	-0.14	-0.50	-1.48	-0.17	-0.26	0.06	-0.48	0.67	-0.36	-0.50	0.00	-0.25	-0.32	-0.48	1.48	-0.62	-0.45	1.26	-0.61	0.92	1.35	-0.06	0.77	0.31	-1.97	-0.27	0.31	-0.50	-0.83	-0.09	-0.43	-0.55	1.65	0.62	0.99	1.90	-1.91	0.10	-1.27	-0.23	-0.10	-0.21	1.25	0.21	-0.45	2.59	0.09	-0.51	-0.83	0.25	-0.30	-1.12	0.00	0.52	-0.32	0.10	0.30	-0.76	0.50	-0.60	-0.45	0.83		[PRESP] 
FIC-GVL-003	-0.65	1.40	-0.30	-0.41	-0.25	-0.36	-0.62	-1.43	0.19	-0.13	-0.50	-0.31	0.67	0.64	-0.53	0.15	-0.35	-0.07	0.00	1.36	-0.67	-0.09	1.00	-0.69	0.45	1.76	-0.11	0.58	0.10	-2.02	-0.03	-0.63	-0.33	-0.97	-0.09	-0.75	-0.36	0.76	0.62	0.65	1.88	-1.64	-0.05	-1.19	-0.23	0.03	-0.73	3.00	-0.40	-0.45	1.82	-0.22	-0.54	-0.39	-0.25	0.00	-1.04	0.00	0.74	-0.42	-0.02	0.30	-0.82	1.33	-0.75	-0.39	1.00	RB 	[PASTP] 
FIC-H9C-001	-0.69	-0.29	-0.25	-0.47	0.87	0.36	-0.56	-1.69	-0.13	0.30	-0.06	-0.60	-0.17	-0.19	-0.61	-0.46	0.15	-0.18	-0.33	1.47	-0.99	0.18	1.11	-0.93	-0.68	2.03	-1.00	0.12	0.07	-1.77	0.19	-0.06	-0.50	-0.59	0.29	-0.29	-0.27	1.85	-0.25	1.57	1.97	-1.58	-0.57	-1.65	-0.38	-0.47	-0.48	2.75	0.81	-0.64	2.47	0.23	-0.71	-0.06	-0.25	0.60	-0.88	0.00	-0.11	0.84	0.29	0.60	-0.65	3.50	0.25	-0.48	0.17		PLACE [PASTP] [PRESP] [WHQU] 
FIC-H85-002	-0.58	0.98	-1.35	-0.41	0.12	1.68	-0.62	-1.07	0.38	-0.17	0.00	0.02	1.44	-0.15	-1.53	-0.46	-0.10	-1.39	0.14	0.03	-1.01	0.73	0.81	-1.18	0.94	0.91	0.63	0.81	1.19	-1.09	0.59	0.31	-0.50	-0.52	0.34	0.41	-0.55	2.60	0.00	0.70	1.86	-1.36	1.52	-0.81	-0.62	0.51	-0.39	1.25	0.08	-0.27	0.47	1.08	-0.06	0.46	0.25	1.20	-0.68	0.00	0.67	0.10	1.10	1.00	-0.71	2.00	-0.25	-0.55	0.33		TPP3 
FIC-H85-003	-0.42	0.56	-0.95	-0.53	0.00	-0.09	-0.62	-0.90	0.17	-0.22	-0.38	0.33	0.83	-0.31	-0.05	-0.46	-0.25	-0.72	-0.24	0.43	-0.75	-0.09	0.56	-0.78	0.62	0.32	0.69	-0.19	0.71	-1.04	-0.12	0.12	-0.17	-0.59	0.71	0.13	0.73	2.25	0.13	0.08	1.82	-1.69	0.67	-0.82	-0.08	-0.01	-0.58	1.50	2.06	0.18	0.53	0.71	-0.06	0.26	1.00	0.60	-0.88	0.00	0.81	0.03	0.56	0.80	-0.41	2.00	-0.35	-0.58	-0.50		TPP3 [PEAS] 
FIC-H85-004	-0.62	1.02	-1.13	-0.12	1.00	0.73	-0.38	-0.69	0.40	0.35	0.38	0.40	0.83	-0.33	-0.76	-0.31	-0.15	-0.96	0.33	-0.13	-0.84	-0.09	0.78	-1.27	1.39	-0.09	0.97	1.88	0.83	-0.90	0.37	0.00	-0.17	-0.62	0.09	0.80	-0.36	2.53	0.25	-0.40	1.94	-1.61	1.49	-0.33	-0.08	0.24	-0.70	0.75	2.08	-0.09	0.47	0.95	0.14	0.28	1.25	-0.20	0.00	0.00	0.48	-0.10	0.46	1.60	-0.47	1.17	0.05	-0.61	0.11		TPP3 [PEAS] 
FIC-H85-005	-1.04	0.40	-0.42	-0.65	-0.63	-1.14	-0.75	-0.07	0.38	0.87	-1.25	0.02	1.44	-0.80	-0.16	-0.46	0.10	0.45	-0.24	1.16	-0.49	0.55	1.11	-0.43	1.72	1.44	0.63	1.88	-1.33	-1.35	-0.02	-0.06	-0.50	-0.59	-1.03	-0.36	-0.73	-0.12	1.50	0.89	1.06	-1.61	1.25	-1.12	0.62	-0.12	-0.48	-0.25	0.19	-0.64	-0.59	0.89	0.51	-0.83	3.75	0.80	-1.56	0.00	-0.74	-0.42	0.02	-0.60	-0.82	7.67	-1.05	0.23	0.89		[SERE] [WHQU] 
FIC-H85-006	-0.77	0.52	-0.90	-0.24	0.25	0.73	-0.75	-0.10	0.50	-0.13	-0.13	-0.31	0.17	-0.23	-0.71	0.23	0.00	-1.08	-0.24	0.23	-0.80	-0.09	0.33	-1.22	1.45	0.24	1.26	1.42	0.45	-1.20	-0.03	0.06	-0.50	0.21	-0.31	0.91	-0.55	1.91	0.13	0.22	2.35	-1.73	1.25	-0.33	-0.46	0.04	-0.35	1.00	1.44	0.00	0.24	1.11	0.06	0.80	3.25	1.20	-1.04	0.00	0.00	0.39	1.02	0.30	-0.41	3.00	-0.25	-0.45	0.11		VBD [SERE] [WHQU] 
FIC-H85-007	-0.85	0.02	-1.20	0.18	3.13	0.45	-0.56	-0.93	0.46	1.00	0.62	1.10	0.72	-0.22	-0.39	-0.23	-0.30	-1.14	-0.24	-0.64	-0.78	0.82	0.44	-1.39	1.28	-0.18	1.77	1.96	0.36	-0.82	0.39	-0.06	0.00	-0.38	-0.23	0.50	-0.27	2.86	0.88	1.37	1.99	-1.32	2.31	-0.45	-0.62	0.24	-0.71	1.75	1.33	-0.18	0.24	1.37	0.00	0.13	1.00	1.10	-1.00	0.00	0.07	-0.23	1.51	0.80	-0.65	2.00	-0.50	-0.65	0.00		CONC TPP3 XX0 
FIC-H85-008	-0.23	0.81	-0.87	-0.18	1.50	0.41	-0.75	-0.95	0.00	-0.35	0.06	0.19	-0.06	-0.19	-0.95	-0.46	-0.50	-0.93	0.00	0.27	-0.86	0.27	2.30	-0.80	1.62	-0.41	0.86	0.92	0.07	-1.25	-0.05	0.00	-0.50	-0.86	-0.06	0.63	0.82	2.17	0.00	0.41	1.84	-1.46	0.87	-0.68	-0.31	-0.05	-0.70	1.75	0.67	-0.27	-0.12	1.41	0.11	0.44	1.75	0.00	-0.36	0.00	1.11	-0.39	1.29	3.60	-0.59	1.83	0.00	-0.26	-0.67		PHC TPP3 [WHCL] 
FIC-H85-009	-0.58	0.52	-1.00	-0.18	0.87	-0.14	-0.25	-0.83	-0.04	0.13	-0.19	-0.21	0.67	-0.38	-0.26	-0.23	-0.20	-1.07	0.10	0.36	-0.81	1.09	0.67	-1.03	0.54	0.32	1.23	0.65	0.07	-1.41	0.36	0.69	-0.17	-0.86	0.20	0.93	-0.45	2.65	0.38	-0.02	1.81	-1.50	1.13	-0.60	-0.23	0.21	-0.70	0.50	1.25	-0.18	1.00	0.77	-0.20	0.24	0.50	1.40	-0.80	0.00	0.00	0.19	1.29	1.20	-0.71	3.83	-0.65	-0.65	0.22		TPP3 [WHQU] 
FIC-H85-010	-0.46	0.00	-0.75	-0.65	1.25	-0.45	-0.31	-0.76	-0.33	-0.22	-0.81	-0.79	1.67	-0.90	-0.87	-0.46	-0.35	-1.02	0.05	0.27	-0.97	-0.27	1.22	-0.84	0.63	0.62	0.26	2.46	0.43	-1.03	-0.07	1.75	2.00	-0.10	0.43	0.66	-0.09	3.79	-0.50	-0.36	2.42	-1.94	-0.18	-0.87	-0.08	-0.45	-0.67	-0.25	2.48	0.73	1.18	0.84	-0.86	-0.59	1.50	1.40	-0.12	0.00	-0.48	-0.45	1.24	1.60	-0.41	-0.33	0.80	-0.81	-0.50		PRED TPP3 VBD [PEAS] 
FIC-H85-011	-0.46	0.96	-0.70	-0.53	0.63	0.09	-0.44	-1.02	0.42	0.22	0.00	-0.10	0.94	-0.47	-1.13	-0.31	0.15	-0.71	0.14	0.80	-0.82	-0.73	1.30	-0.81	0.72	0.53	0.71	0.85	1.00	-1.09	0.36	0.19	-0.17	-0.72	0.54	-0.07	0.18	1.82	1.00	0.51	1.57	-1.55	0.57	-0.68	-0.08	0.03	-0.23	2.75	1.98	0.00	0.59	0.46	0.11	0.30	0.25	0.40	0.04	0.00	0.44	0.32	0.20	0.90	-0.41	3.00	-0.20	-0.48	0.33		[PASTP] [WHQU] 
FIC-HR9-001	0.08	0.35	-1.10	-0.29	0.38	0.68	-0.31	-0.60	0.13	-0.26	-0.06	0.48	1.33	1.05	-0.68	0.46	-0.20	-0.74	-0.52	0.27	-0.90	0.00	0.52	-0.65	0.75	0.85	0.34	0.88	-0.19	-1.27	0.30	0.00	0.17	-0.38	-0.20	0.27	-0.18	0.93	1.25	-0.36	1.66	-1.26	0.66	-0.80	-0.31	0.12	-0.68	1.25	0.27	-0.27	0.71	0.26	-0.20	1.28	1.50	0.90	-0.56	0.00	0.11	0.03	0.20	0.70	-0.76	3.67	-0.55	-0.61	0.11		[WHQU] 
FIC-H9C-002	-0.92	0.63	-0.20	-0.29	-0.25	-0.50	-0.38	-0.57	-0.29	0.22	-0.19	-0.55	1.17	0.18	-0.95	-0.23	-0.55	-0.75	-0.19	1.58	-0.99	-0.09	1.81	-0.97	-0.20	1.12	-0.60	-0.04	0.10	-0.93	0.36	0.75	-0.50	-0.66	-0.51	-0.66	-0.18	1.05	-0.50	1.62	1.84	-1.11	-0.16	-1.41	-0.38	-0.17	-0.41	2.50	-0.60	-0.36	0.76	0.14	-0.46	0.22	0.50	-0.20	-1.52	0.00	0.00	1.10	-0.12	0.00	-0.82	4.50	-0.20	-0.06	0.72		[PASTP] [WHQU] 
FIC-H9C-003	-1.04	0.02	-0.12	-0.35	-0.63	0.00	-0.12	-1.21	-0.17	0.13	-0.13	-0.29	0.50	-0.11	-0.45	-0.46	-0.05	-0.31	0.57	2.04	-0.82	0.73	0.81	-1.42	-0.52	1.18	-0.57	0.65	0.90	-1.59	0.81	-0.13	0.00	-0.79	-0.46	-0.34	-0.73	1.70	-0.50	1.37	1.53	-1.35	-0.26	-1.45	0.00	-0.55	-0.45	3.00	0.06	-0.64	1.24	0.25	-0.63	-0.15	-0.25	-0.80	-1.20	0.00	-0.19	1.19	0.85	0.70	-0.82	3.83	0.10	-0.48	0.50		NN [PASTP] [WHQU] 
FIC-H9C-004	-0.92	0.10	-0.12	-0.53	0.63	0.23	-0.38	-1.40	-0.50	-0.26	-0.13	-0.29	-0.06	-0.33	-0.39	-0.46	-0.30	-0.23	-0.48	1.80	-1.01	0.27	2.11	-1.00	-0.18	1.91	-0.09	0.31	-0.19	-1.69	0.20	0.44	-0.17	-0.69	-0.57	-1.00	-0.55	1.66	-0.25	1.76	2.01	-1.54	-0.61	-1.53	0.23	-0.58	-0.58	5.75	0.17	-0.45	2.06	-0.07	-0.77	-0.63	1.75	-0.20	-0.92	0.00	0.37	0.03	-0.02	0.20	-0.65	2.33	0.25	0.16	0.61		PHC VBD [PASTP] [PRESP] [WHQU] 
FIC-H9C-005	-0.96	0.13	-0.22	-0.35	-0.38	0.45	-0.06	-1.62	-0.58	-0.04	-0.69	-0.62	-0.11	-0.24	-0.92	-0.46	0.05	-0.59	0.05	1.75	-0.95	0.73	1.93	-1.01	-0.34	1.29	-0.26	0.15	-0.07	-1.44	0.65	1.56	0.17	-0.38	-0.40	-0.57	-0.55	1.57	-0.50	1.04	1.91	-1.53	-0.28	-1.40	-0.31	-0.57	-0.48	2.00	0.25	-0.27	1.24	0.28	-0.40	0.28	0.25	0.10	-1.12	0.00	-0.19	0.55	0.17	0.90	-0.53	2.33	-0.05	-0.39	0.83		[WHQU] 
FIC-H9C-006	-0.69	0.17	0.10	-0.65	0.25	0.36	-0.06	-1.74	-0.77	-0.22	-0.44	-0.60	-0.39	-0.52	-0.68	-0.31	-0.70	0.38	-0.38	1.76	-0.72	0.73	2.00	-0.40	-0.68	1.50	-0.26	-0.04	0.29	-1.80	0.02	-0.13	-0.17	-0.90	-0.34	-1.04	-0.73	1.73	-0.25	0.12	1.68	-1.73	-0.74	-1.59	0.38	-0.65	-0.71	2.50	-0.35	-0.45	2.12	-0.43	-0.74	-0.31	-0.25	-0.60	-1.40	0.00	0.00	0.48	-0.32	0.90	-0.82	3.33	0.70	-0.10	1.83		[PASTP] [PRESP] [WHQU] 
FIC-H9C-007	-0.54	-0.13	-0.15	-0.53	-0.63	0.64	-0.31	-1.48	-0.27	-0.26	0.62	-0.57	0.44	-0.65	-0.87	-0.31	0.40	-0.50	0.24	1.72	-0.88	0.27	2.04	-0.87	-0.48	1.59	-0.23	0.12	0.33	-1.58	-0.17	0.12	-0.50	-0.55	-0.17	-1.20	-0.55	2.10	-0.50	1.95	2.02	-1.72	-0.46	-1.36	0.23	-0.46	-0.59	0.75	0.88	-0.45	2.12	0.09	-0.60	-0.37	1.25	-0.20	-0.64	0.00	0.30	0.10	0.05	0.50	-0.71	2.83	-0.20	-0.26	1.28		PHC TPP3 VBD [PRESP] [WHQU] 
FIC-H9C-008	-0.81	-0.19	0.02	-0.18	0.12	0.50	-0.25	-1.43	-0.38	-0.26	0.00	-0.17	0.17	-0.51	-0.82	-0.46	-0.40	-0.18	-0.05	1.80	-0.60	0.09	2.15	-0.57	-0.07	0.82	-0.63	0.04	-0.48	-1.66	0.13	0.87	-0.50	-0.66	-0.20	-0.82	-0.73	1.43	-0.50	1.52	1.78	-1.34	-0.61	-1.39	-0.62	-0.58	-0.23	3.25	0.23	0.09	0.88	0.02	-0.63	-0.07	0.50	0.30	-1.20	0.00	0.00	0.23	0.12	0.80	-0.82	2.50	0.75	-0.16	0.50		PHC [PASTP] [WHQU] 
FIC-H9C-009	-0.62	0.13	-0.15	-0.47	0.63	0.27	0.19	-1.45	-0.38	0.13	0.31	-0.52	-0.61	-0.31	-0.63	-0.46	-0.05	-0.72	0.86	1.54	-1.02	0.27	1.85	-1.40	-0.41	1.12	-0.34	0.92	0.86	-1.16	1.34	0.25	-0.50	-0.90	0.00	-0.52	-0.73	1.62	-0.50	1.04	1.94	-1.58	-0.30	-1.44	0.00	-0.53	-0.17	1.50	0.52	-0.64	2.00	0.29	-0.40	-0.30	-0.25	-0.10	-1.16	0.00	-0.37	1.03	0.44	1.20	-0.82	1.83	-0.05	-0.55	0.94		
FIC-H9D-001	0.81	2.23	-0.05	-0.41	2.12	-0.32	0.19	-0.86	0.13	0.26	0.62	0.79	0.61	-0.11	-0.58	-0.46	0.40	0.18	-0.67	0.56	-0.74	0.45	0.37	-0.76	0.63	-0.38	0.57	1.04	1.21	-0.87	0.06	0.56	-0.50	-0.76	0.09	0.71	-0.09	1.97	0.00	1.13	1.32	-1.43	0.67	-0.99	0.23	-0.03	-0.56	3.50	-0.31	-0.64	2.00	0.79	-0.11	3.17	-0.25	2.90	-0.12	0.00	0.48	0.13	0.78	-0.20	-0.82	1.50	-0.85	-0.81	0.33		ANDC CONC [PASTP] [PUBV] [SMP] 
FIC-H9D-002	0.19	1.52	-0.60	0.29	0.12	-0.41	0.06	-0.17	0.69	1.43	-0.44	0.31	0.89	0.03	-0.50	-0.46	-0.05	-0.32	-0.24	0.65	-0.69	0.00	-0.07	-0.50	1.59	-0.26	0.17	1.73	1.31	-1.23	0.41	0.50	0.50	-0.14	-0.20	-0.55	0.18	1.41	0.75	0.75	1.03	-1.24	1.31	-0.57	-0.15	0.88	-0.73	2.25	-0.50	-0.09	2.06	-0.02	-0.23	0.76	3.00	1.40	-1.32	0.00	-0.04	-0.42	0.34	0.00	-0.65	2.33	-0.40	-0.61	0.50		[PASTP] [PRESP] [SERE] [WHQU] 
FIC-H9D-003	-0.54	2.04	-1.20	0.41	1.63	0.27	-0.75	-0.55	0.71	1.04	0.44	0.74	2.50	0.14	-1.03	-0.15	-0.25	-0.36	-0.14	0.02	-0.94	-0.55	-0.11	-1.06	1.38	-0.53	0.00	1.12	1.55	-1.01	1.13	0.31	-0.50	-0.69	-0.34	-0.82	0.09	1.73	0.00	0.65	1.25	-0.82	1.61	-0.86	-0.62	1.24	-0.58	2.00	0.58	-0.27	0.47	0.93	-0.23	2.37	0.75	1.00	-0.40	0.00	-0.07	-0.06	1.10	0.70	-0.82	4.83	-0.85	-0.81	-0.39		ANDC EX [PUBV] [WHQU] 
FIC-H9D-004	0.08	1.94	-1.03	0.59	0.50	1.41	-0.38	-1.02	0.69	0.87	-0.31	1.02	0.39	0.30	-1.00	-0.46	0.50	-0.51	0.24	-0.35	-1.01	0.73	1.15	-0.91	1.03	-0.21	0.60	1.81	2.67	-1.34	1.62	-0.13	-0.50	-0.31	-0.31	-0.55	-0.18	1.69	1.00	0.75	1.62	-1.48	1.11	-0.60	-0.38	0.89	-1.09	1.25	0.15	-0.64	0.94	1.13	-0.03	0.48	0.50	-0.80	-0.80	0.00	0.04	0.00	1.46	1.20	-0.82	4.00	-0.15	-0.52	0.44		PRMD [WHQU] 
FIC-H9D-005	-0.88	0.79	-0.73	-0.41	1.00	0.64	-0.75	-1.31	-0.23	-0.13	0.38	-0.36	3.17	-0.26	-0.11	-0.46	-0.50	-0.67	0.05	0.65	-0.90	-0.55	-0.11	0.22	0.08	1.41	0.60	-0.12	0.33	-1.39	-0.21	0.31	-0.50	-0.69	0.40	-0.63	1.27	1.45	0.00	0.80	1.25	-1.55	0.33	-1.51	-0.31	0.52	-0.67	2.00	0.62	-0.64	3.00	0.16	-0.11	0.11	0.75	2.30	-0.44	0.00	0.56	-0.23	-0.22	-0.60	-0.82	1.83	-0.20	-0.26	0.06		EX [PRESP] [SMP] 
FIC-H9D-006	-0.27	1.96	-0.85	-0.47	0.12	0.68	-0.19	-0.52	0.04	-0.13	0.88	0.38	0.33	0.41	-0.34	-0.46	0.60	-0.39	0.90	-0.18	-0.81	1.45	-0.22	-0.95	1.03	0.68	-0.29	1.15	1.83	-1.07	0.70	-0.19	-0.50	-0.76	-0.60	0.23	0.27	1.97	0.88	0.85	1.20	-0.87	0.70	-0.77	0.08	0.78	-0.55	2.00	0.90	-0.36	1.41	0.84	-0.29	1.78	3.25	0.60	-0.84	0.00	0.22	0.71	1.12	0.80	-0.82	2.00	-0.60	-0.71	-0.28		[SERE] 
FIC-H9D-007	0.23	1.38	-0.73	-0.06	0.63	2.14	0.06	-1.12	0.60	0.17	-0.25	0.83	1.50	-0.14	-0.55	-0.46	0.45	-0.51	0.10	0.19	-0.57	0.00	0.78	-0.73	1.49	0.32	1.06	1.08	1.24	-1.11	0.07	-0.44	0.00	-0.34	0.09	-0.73	0.18	1.57	1.50	-0.36	0.71	-0.81	1.23	-0.17	-0.38	1.01	-1.06	0.50	0.73	-0.36	0.35	0.78	-0.20	0.63	0.50	0.50	-1.16	0.00	0.33	0.13	0.68	0.10	-0.82	1.83	-0.05	-0.71	0.56		COND 
FIC-H9D-008	-0.04	1.42	-0.77	-0.47	0.50	1.09	-0.19	-1.19	0.54	0.35	-0.38	0.21	0.06	0.39	-0.32	-0.23	0.15	-0.51	-0.05	-0.01	-0.70	0.36	-0.07	-0.63	0.70	-0.15	-0.34	1.54	1.48	-1.07	0.60	-0.19	-0.50	-0.93	0.26	-0.34	-0.73	1.82	0.25	0.99	1.43	-1.06	0.84	-0.64	-0.38	0.92	-0.58	2.75	-0.38	-0.09	1.12	0.77	-0.37	1.35	-0.25	1.50	-1.64	0.00	0.11	0.29	0.73	1.70	-0.82	4.00	-0.60	-0.61	-0.39		[PASTP] [WHQU] 
FIC-H9D-009	-0.58	1.79	-1.07	0.59	-0.63	1.86	-0.25	-0.69	0.50	0.17	0.56	0.07	0.39	0.01	-0.76	0.15	0.75	-1.15	1.52	-0.11	-0.64	-0.18	-0.33	-0.68	1.10	0.41	0.57	1.81	1.40	-1.07	0.50	0.25	0.17	-0.59	-1.14	0.20	-0.36	2.01	-0.50	0.85	1.83	-1.34	1.64	-0.73	-0.31	0.87	-0.45	-0.25	0.79	-0.64	1.12	0.56	0.20	2.30	1.75	2.50	-1.04	0.00	0.78	0.65	0.76	1.00	-0.59	5.17	-0.65	-0.68	0.00		TPP3 [PUBV] [SMP] [WHQU] 
FIC-H9D-010	-0.54	2.58	-0.38	-0.06	1.38	0.64	-0.12	-0.57	-0.15	0.17	0.19	-0.12	-0.17	-0.11	-0.74	-0.46	-0.05	0.24	-0.71	0.63	-0.55	-0.36	0.78	-0.92	0.15	0.53	0.00	0.58	1.14	-0.94	0.22	-0.69	1.17	-0.24	0.09	0.30	-0.18	1.68	0.75	0.17	1.19	-1.41	0.62	-0.59	-0.62	0.32	-0.71	-0.25	0.04	-0.36	0.94	0.52	-0.20	0.93	3.00	2.80	-0.76	0.00	-0.15	0.23	0.59	0.70	-0.65	0.67	-0.55	-0.48	0.17		ANDC [SERE] [SMP] 
FIC-H9D-011	0.19	1.33	-0.50	-0.47	-0.25	0.82	0.44	-0.71	0.58	0.87	0.75	0.64	2.06	0.14	-0.79	-0.23	-0.15	-0.06	0.14	0.59	-0.60	0.09	0.93	-0.22	1.14	-0.12	-0.29	0.77	0.19	-1.39	0.50	0.12	-0.50	-0.69	0.03	0.52	0.00	0.66	-0.13	0.17	0.92	-1.00	0.26	-0.87	0.62	0.52	0.00	1.75	0.44	0.09	1.00	0.16	-0.71	0.94	3.00	0.30	-0.60	0.00	0.56	0.45	0.29	0.50	-0.65	1.50	-0.25	-0.71	-0.44		EX [SERE] 
FIC-H9D-012	0.58	2.23	-0.15	1.00	0.00	2.86	-0.44	-1.26	0.58	1.09	0.19	0.60	1.11	-0.65	-0.87	-0.46	0.00	0.06	-0.14	-0.03	-0.29	-0.09	0.63	-0.70	1.93	0.18	0.46	1.04	0.43	-0.58	-0.25	0.06	-0.50	-0.17	-0.43	1.30	0.09	1.40	1.25	0.46	1.67	-1.73	0.28	-0.51	0.08	-0.25	-0.33	2.00	2.52	0.18	0.47	0.80	-0.46	0.11	4.25	2.90	0.00	0.00	0.81	-0.35	0.15	-0.60	-0.82	3.50	0.10	-0.65	0.39		ANDC COND [PEAS] [SERE] [SMP] [WHQU] 
FIC-H9D-013	-0.35	1.44	-1.88	1.41	-0.13	0.82	-0.75	-0.17	0.96	1.96	0.94	1.55	2.50	0.47	-0.92	-0.15	0.00	-1.23	0.86	-0.74	-1.14	-0.27	-0.33	-1.93	1.45	0.44	0.69	1.04	2.38	-1.45	0.80	0.06	-0.50	-0.76	-0.06	-0.63	-0.36	2.66	-0.50	-0.36	1.82	-1.23	3.38	-0.03	-0.62	1.70	-0.70	2.50	-0.56	-0.64	-0.18	0.93	0.26	0.61	-0.25	0.60	-1.36	0.00	0.19	-0.35	2.61	0.50	-0.82	5.50	-1.05	-0.81	-0.28		EX PRMD TPP3 XX0 [PASTP] [THATD] [WHQU] 
FIC-H9D-014	-0.27	2.17	-0.83	1.29	0.63	1.59	-0.56	-1.26	0.63	0.22	0.38	1.33	1.00	0.18	-1.16	0.31	-0.05	-1.05	0.10	-0.42	-0.72	-0.64	0.70	-0.68	0.87	0.26	0.23	2.15	0.64	-0.97	0.24	-0.88	0.00	-0.45	0.03	0.64	-0.45	2.20	-0.13	1.28	1.17	-0.85	2.13	-0.43	-0.38	1.14	-0.65	1.50	0.25	-0.36	0.59	0.46	-0.86	1.15	0.50	2.20	-0.60	0.00	1.11	1.00	1.10	1.70	-0.82	2.50	-0.05	-0.48	0.06		ANDC PRED TPP3 XX0 [SMP] [WHQU] 
FIC-H9D-015	0.27	0.56	0.02	-0.35	0.63	0.41	-0.12	-0.88	-0.25	-0.30	0.56	-0.02	0.67	-0.91	-0.84	-0.46	-0.20	0.09	0.14	0.87	0.01	0.00	0.33	0.20	0.92	-0.50	-0.83	0.38	-0.31	-0.81	-0.68	0.44	-0.50	0.52	-0.26	0.07	1.00	1.59	-0.50	0.27	1.63	-2.08	-0.21	-0.96	0.85	-0.67	-0.15	2.25	3.04	-0.18	0.24	0.15	-0.57	0.52	1.00	2.10	-1.24	0.00	-0.22	0.00	-0.05	0.80	0.29	0.50	3.50	-0.48	-0.11	VPRT 	[PASTP] [PEAS] [SMP] [WHSUB] 
FIC-H85-001	-0.31	0.83	-1.30	-0.18	1.50	0.68	-0.38	-1.45	0.19	-0.04	0.06	0.12	1.72	0.14	-1.11	-0.46	0.05	-0.96	-0.19	0.35	-1.04	-0.36	1.19	-0.70	1.61	0.41	0.94	1.31	0.24	-1.46	0.78	0.81	-0.50	-0.34	0.20	0.11	-0.55	1.58	1.63	0.94	1.38	-0.97	1.36	-0.49	0.23	0.63	-0.39	5.00	1.00	0.36	0.06	1.03	-0.31	0.11	0.25	-0.40	-0.92	0.00	1.30	-0.26	1.22	2.40	-0.59	0.33	-0.50	-0.45	0.28		[PASTP] [WHCL] 
FIC-J10-001	-0.54	-0.08	-0.85	-0.65	0.38	1.09	0.44	-0.21	1.31	1.22	0.06	-0.38	1.89	-0.09	-1.16	-0.15	-0.15	-1.18	-0.19	-0.23	-0.57	0.27	-0.30	-1.34	1.68	1.21	0.00	0.88	0.40	-0.61	0.93	0.12	0.17	-0.69	-0.20	0.46	-0.36	0.92	0.00	-0.16	1.72	-0.93	1.13	-0.56	-0.15	0.32	-0.14	1.25	0.02	-0.45	0.94	0.46	-0.17	2.83	0.25	-0.20	-1.16	0.00	0.44	0.58	-0.12	0.50	-0.71	3.67	-0.75	-0.68	0.17		[PUBV] [WHQU] 
FIC-J10-002	-0.62	0.35	-1.00	-0.53	0.50	0.05	0.19	-0.88	1.17	0.70	0.75	-0.29	1.61	0.12	-1.16	0.00	-0.05	-1.44	0.19	-0.29	-0.95	0.09	-0.30	-1.46	0.89	0.85	0.06	1.96	0.69	-0.53	0.59	-0.50	-0.50	-0.55	-0.26	0.57	-0.36	1.07	-0.25	0.03	1.62	-0.93	2.00	-0.44	-0.62	0.85	-0.74	0.75	1.35	-0.64	0.65	0.73	0.06	2.20	1.75	0.30	-1.00	0.00	0.04	0.90	1.00	0.90	-0.82	5.67	-0.40	-0.74	0.28		[PUBV] [WHQU] 
FIC-J10-003	0.00	0.02	-0.45	0.00	1.00	-0.14	0.50	-0.67	0.75	0.43	0.62	0.07	0.78	-0.46	-0.61	-0.31	-0.40	-0.56	-0.62	-0.35	-0.76	0.36	0.78	-0.95	1.06	0.79	-0.09	2.73	0.55	-0.60	0.05	-0.06	0.33	-0.48	0.00	0.43	0.45	1.83	-0.13	-0.31	2.09	-1.60	1.52	-0.33	0.38	0.05	-0.38	0.50	1.35	-0.36	0.71	0.07	-0.46	1.43	3.00	0.10	-1.00	0.00	0.30	0.84	0.39	0.70	-0.82	3.67	-0.50	-0.65	-0.17		PRED VBD [SERE] [WHQU] 
FIC-J10-004	-0.04	1.79	-1.25	0.18	0.12	0.50	0.13	-0.76	1.44	0.26	0.00	-0.45	1.11	0.20	-1.58	0.00	0.10	-1.11	-0.33	-0.45	-1.03	0.91	0.07	-1.52	1.20	0.03	-0.26	1.92	0.55	-0.66	0.88	-0.06	0.17	-0.24	-0.34	-0.09	-0.73	2.00	-0.50	-0.84	2.27	-0.98	1.16	-0.34	0.00	-0.23	-0.68	-0.25	1.77	0.09	0.35	0.13	0.29	3.48	0.75	-0.20	-0.92	0.00	0.59	0.29	-0.07	0.80	-0.71	5.00	-0.55	-0.68	-0.44		VBD [PUBV] [WHQU] 
FIC-J10-005	-0.12	0.35	-1.07	0.00	0.63	0.45	0.56	-0.69	1.69	1.22	0.31	0.90	1.44	0.37	-1.21	-0.23	-0.40	-1.44	-0.10	-0.52	-0.50	0.36	-0.48	-1.21	2.48	0.35	0.03	3.00	0.93	-0.97	0.91	0.31	0.50	0.07	-0.49	0.43	-0.45	0.88	0.13	-1.37	1.47	-0.47	2.38	0.39	-0.38	0.40	-0.33	1.75	-0.31	0.09	0.24	0.72	0.09	1.65	3.25	0.30	-1.32	0.00	0.59	0.19	0.59	0.50	-0.82	4.17	-0.75	-0.71	-0.33		PIT PRED XX0 [SERE] [WHQU] 
FIC-J10-006	-0.35	0.42	-0.93	0.18	0.63	0.05	0.38	-0.14	2.00	0.78	0.75	0.00	0.67	0.05	-0.55	-0.31	-0.30	-0.92	0.05	-0.53	-0.35	0.55	0.00	-1.20	2.21	0.65	0.03	1.31	0.40	-1.34	0.88	-0.19	-0.17	-0.03	-0.09	1.14	-0.73	0.73	0.00	-2.33	1.32	-0.65	2.13	-0.05	-0.46	0.66	-0.23	1.25	-0.25	-0.64	0.00	-0.04	0.11	2.11	0.25	0.00	-1.48	0.00	0.15	0.32	0.34	0.20	-0.59	3.67	-0.65	-0.55	0.11	TTR 	PIT XX0 [PUBV] [WHQU] 
FIC-J10-007	-0.38	0.69	-1.05	0.12	0.38	0.50	0.19	-0.64	0.67	0.87	-0.75	0.26	0.67	0.48	-1.05	-0.46	-0.05	-1.29	-0.71	-0.35	-0.76	0.64	0.00	-1.25	2.79	1.26	0.77	1.19	1.19	-1.07	0.86	-0.69	0.17	-0.03	-0.29	0.14	-0.36	0.92	-0.25	-0.84	1.93	-0.96	1.64	-0.68	-0.15	0.32	-0.27	1.25	0.79	-0.27	1.06	1.20	0.17	2.74	0.75	0.00	-0.84	2000.00	0.59	0.65	0.68	0.20	-0.71	7.17	-0.75	-0.68	-0.28		PIT [PUBV] [SPIN] [WHQU] 
FIC-J10-008	-0.38	0.19	-0.90	-0.41	1.00	0.86	0.00	-0.93	1.65	0.74	-0.19	0.55	0.89	0.07	-1.18	0.15	-0.10	-1.34	0.48	-0.27	-0.69	-0.18	-0.56	-1.20	2.23	0.68	0.77	1.81	1.64	-0.73	0.22	-0.31	0.17	-0.21	-0.29	-0.05	0.45	1.18	0.00	-0.31	1.79	-0.96	2.03	-0.28	-0.31	0.43	-0.38	1.25	1.19	-0.45	0.29	0.49	0.20	2.91	1.25	1.10	-0.88	0.00	0.11	0.35	0.46	-0.40	-0.71	4.50	-0.10	-0.68	0.17		PIT XX0 [PUBV] [WHQU] 
FIC-J54-001	0.15	0.88	-0.90	-0.47	1.50	-0.09	-0.75	-1.29	-0.08	0.22	0.31	0.38	0.33	0.18	-0.29	-0.46	-0.40	-0.51	-0.05	0.30	-0.90	1.18	1.15	-1.36	0.34	0.24	-0.29	2.73	0.74	-1.07	0.51	-0.56	0.50	-0.76	0.51	0.96	-0.73	1.93	-0.50	0.85	1.61	-1.14	0.92	-0.32	-0.62	0.58	0.08	1.25	0.88	-0.36	0.59	0.06	-0.69	1.28	1.75	1.20	-0.72	0.00	0.00	0.06	0.15	0.80	-0.47	3.50	-0.75	-0.61	0.22		PRED [WHQU] 
FIC-J54-002	-0.46	1.19	-0.45	0.24	3.00	-1.14	-0.75	-0.98	-0.35	-0.52	1.50	0.40	-0.39	-0.93	-0.87	-0.46	1.50	-0.47	-0.29	1.47	-0.62	-0.91	2.52	-0.98	0.82	-0.47	-1.03	2.69	1.98	-1.40	-0.51	-0.13	2.00	0.14	0.60	0.46	0.64	3.32	-0.50	-0.88	1.78	-1.90	0.05	-0.60	-0.08	-0.41	-0.35	-0.25	2.98	-0.64	-0.18	0.10	-0.23	-0.48	1.50	2.10	-1.04	0.00	-0.19	0.00	-0.22	0.10	-0.82	0.83	-0.70	-0.81	-0.50		CONC PHC PRED TPP3 [PEAS] [SMP] 
FIC-J54-003	0.12	0.56	-0.28	-0.65	0.12	0.23	-0.38	-1.50	-0.71	-0.52	0.25	-0.93	0.78	0.25	-0.42	0.00	-0.10	-0.48	-0.71	0.83	-0.59	0.73	2.30	-0.78	-0.01	0.15	1.77	2.12	1.81	-1.95	0.80	-0.69	0.50	-0.72	0.57	0.77	-0.18	1.10	-0.50	1.57	0.80	-0.92	0.57	-0.77	-0.15	0.51	-0.09	2.75	0.31	0.45	-0.24	-0.52	-0.69	1.80	1.25	-0.20	-0.52	0.00	-0.07	1.19	-0.02	0.00	-0.47	0.67	-0.15	-0.23	-0.22		PHC PRED [PASTP] 
FIC-J54-004	0.96	0.21	-0.60	-0.24	1.50	0.27	-0.12	-1.21	-0.17	-0.39	0.06	-0.10	-0.67	0.07	-1.03	-0.46	0.00	-0.12	0.67	0.13	-0.38	0.64	0.52	-1.02	-0.08	0.00	0.23	3.12	0.74	-0.93	0.38	-0.44	1.83	-0.17	0.00	0.18	0.55	2.75	-0.50	0.61	1.32	-1.24	1.28	-0.54	0.15	-0.15	-0.52	-0.25	3.48	-0.36	0.41	0.63	-0.26	0.37	2.25	0.60	0.72	0.00	-0.11	1.06	0.17	1.80	-0.24	-0.33	-0.35	-0.58	0.28		PRED TPP3 [PEAS] [SERE] 
FIC-J54-005	0.58	1.25	-0.22	-0.24	1.13	-1.14	-0.75	-1.86	-0.23	-0.52	-1.25	0.00	-0.83	-0.24	-0.74	-0.46	-0.70	0.60	0.00	1.42	-0.80	1.00	3.41	-0.39	1.21	1.56	-1.06	0.88	0.67	-1.47	-0.16	-1.06	0.67	-0.90	-0.09	-0.66	-0.73	0.63	-0.50	-0.12	1.44	-1.64	-0.36	-1.14	-0.08	-0.12	-0.50	6.75	0.63	0.64	1.88	-0.52	-0.46	1.04	-0.25	1.30	-0.52	0.00	0.04	-0.26	-0.41	0.10	-0.82	2.00	0.70	-0.35	0.28		PHC [PASTP] 
FIC-J54-006	0.69	0.00	-0.73	-0.65	1.38	0.41	0.44	-1.40	-0.42	0.04	-0.56	0.02	-0.33	0.26	-0.74	-0.23	-0.30	-0.81	0.24	0.23	-0.85	0.09	1.59	-1.14	0.34	0.41	0.23	2.88	1.19	-0.60	0.89	-0.56	-0.50	-0.76	0.11	0.09	0.00	1.56	-0.50	0.12	1.91	-1.22	0.77	-0.97	-0.23	0.44	-0.77	0.50	-0.29	-0.64	0.65	0.23	-0.54	2.00	0.50	1.10	-0.52	0.00	0.33	1.45	0.73	1.50	-0.65	3.17	-0.40	-0.39	0.28		PRED [WHQU] 
FIC-J54-007	0.12	0.44	-0.60	-0.47	0.12	0.23	-0.06	-1.31	-0.44	-0.17	-0.75	0.21	0.17	-0.25	-0.53	-0.46	-0.55	-0.77	-0.33	0.68	-0.83	1.09	1.93	-1.10	1.04	0.71	0.31	2.58	0.45	-1.49	0.77	-0.19	0.50	-0.76	-0.23	0.21	-0.18	1.80	-0.50	0.37	2.19	-1.38	0.69	-0.53	0.00	0.18	-0.70	-0.25	1.44	-0.09	0.88	0.16	-0.46	1.30	1.75	0.60	-0.88	0.00	-0.33	1.94	0.27	1.10	-0.35	2.50	-0.75	-0.55	-0.11		PRED VBD [WHQU] 
FIC-J54-008	1.77	0.08	-1.20	0.76	-0.63	-1.14	-0.75	-1.19	-0.46	-0.52	0.25	0.81	-1.22	0.54	-1.21	-0.46	2.95	-1.03	1.33	0.86	-1.04	-0.91	1.44	-2.06	-0.08	-0.91	-0.97	2.85	-0.17	-0.69	1.75	-1.06	-0.50	-0.31	0.60	-0.50	-0.73	1.58	-0.50	-1.03	1.80	-0.14	1.39	-0.68	-0.62	0.71	-1.09	-0.25	0.67	-0.64	0.82	1.31	-0.86	3.52	-0.25	-0.80	-0.24	0.00	-0.74	2.97	2.80	1.80	-0.82	15.83	-1.05	-0.81	-0.89	PIN 	INPR PRED [PUBV] [SUAV] [THATD] [WHQU] 
FIC-J54-009	0.15	0.29	-0.55	-0.29	-0.25	0.14	0.19	-1.33	-0.25	0.30	0.12	0.50	-0.17	-0.08	-0.63	-0.23	-0.10	-0.81	-0.43	0.36	-0.78	0.18	0.93	-0.84	0.34	0.00	-0.60	3.31	1.02	-1.12	0.31	0.50	1.00	-0.72	-0.17	0.87	-0.18	2.33	-0.50	0.32	1.90	-1.36	0.49	-0.44	-0.38	0.27	-0.52	0.50	2.15	-0.36	-0.06	0.74	-0.31	1.39	0.50	1.70	-0.72	0.00	-0.04	-0.45	0.54	0.00	-0.65	1.67	-0.10	-0.71	-0.56		PRED TPP3 [PEAS] 
FIC-J54-010	-0.73	-0.44	-0.42	-0.18	0.38	0.32	0.25	-1.40	-0.79	-0.17	-1.25	1.71	0.11	-0.46	-0.79	-0.46	-0.30	-0.56	-0.62	0.79	-0.66	-0.18	1.41	-0.65	1.01	0.97	-0.06	1.58	0.76	-1.51	0.14	-0.56	-0.50	-0.31	-1.03	0.32	0.00	2.35	-0.50	0.56	1.90	-1.64	-0.61	-1.14	0.00	-0.09	-0.61	3.75	2.48	-0.64	-0.59	0.80	-0.17	0.50	-0.25	1.60	-0.60	0.00	1.33	0.10	-0.37	0.20	0.12	1.00	0.15	-0.55	0.89		TPP3 [PASTP] [PEAS] 
FIC-J54-011	-0.42	0.31	-0.77	-0.65	2.38	-0.59	-0.50	-1.31	-0.63	-0.35	0.25	0.02	2.11	-0.38	-0.05	0.15	-0.10	-0.30	0.14	0.19	-0.91	0.18	0.81	-0.65	0.97	2.26	-0.63	1.12	-0.10	-1.29	0.09	0.44	0.17	-0.72	0.69	-0.37	-0.73	2.61	-0.50	-0.93	2.40	-1.82	-0.15	-0.95	-0.62	-0.10	-0.61	3.75	0.88	-0.64	0.59	0.66	-0.51	0.28	0.75	1.60	-1.56	0.00	-0.15	0.23	0.32	1.00	-0.82	3.00	-0.45	-0.68	1.33		CONC EX PLACE TPP3 VBD [PASTP] [WHQU] 
FIC-J54-012	0.08	1.02	-0.55	-0.65	0.25	-0.27	-0.62	-1.02	-0.81	-0.30	-0.50	-0.40	0.39	-0.34	0.89	-0.46	-0.45	-0.30	0.14	0.74	-1.06	1.27	3.37	-0.81	0.35	1.35	-0.43	1.27	0.33	-1.26	0.38	0.44	-0.17	-0.90	0.03	-0.04	-0.55	1.86	-0.50	0.99	1.68	-1.49	-0.02	-0.75	0.15	-0.04	-0.50	2.75	1.13	-0.45	1.00	0.06	-0.37	1.04	1.50	1.60	-1.04	0.00	0.52	0.61	0.12	-0.60	-0.53	1.33	-0.70	-0.42	0.61		PHC [PASTP] 
FIC-J54-013	1.15	0.02	-1.10	-0.65	0.75	0.95	-0.75	-1.55	-0.48	-0.04	0.88	-0.14	0.67	0.27	1.45	-0.46	0.45	-1.53	0.10	-0.55	-0.83	0.09	1.26	-0.94	0.31	0.44	1.60	3.88	0.83	-0.68	0.93	3.19	-0.50	-0.34	1.46	1.41	-0.73	2.02	-0.50	-0.07	1.61	-0.80	1.23	-0.58	-0.62	0.87	-0.59	-0.25	0.10	-0.64	0.76	0.46	0.77	2.59	-0.25	-0.80	-1.28	0.00	0.96	0.55	0.90	0.50	-0.82	1.50	-1.05	-0.45	-0.89		PRED SYNE TPP3 [PUBV] 
FIC-J54-014	0.00	1.31	-0.83	-0.65	-0.63	0.09	-0.19	-1.50	-0.77	-0.52	-0.13	0.43	-0.22	0.24	0.05	-0.46	-0.70	-0.69	0.71	0.86	-0.88	-0.09	0.07	-0.87	0.20	0.41	-0.37	0.27	0.81	-1.22	0.72	-1.06	-0.50	-0.21	0.83	0.39	-0.73	1.96	-0.50	0.70	1.74	-1.24	1.26	-0.99	-0.62	0.48	-0.50	2.00	0.42	-0.64	-0.06	0.00	-0.60	0.74	-0.25	1.00	-1.84	0.00	-0.41	0.23	0.78	-0.60	-0.82	1.17	-0.60	-0.23	-0.39		
FIC-J54-015	0.46	1.25	-1.15	-0.65	-0.63	0.64	-0.75	-1.43	-0.42	-0.52	0.38	-1.19	0.22	0.31	-1.16	-0.46	-0.70	-1.00	-1.00	0.01	-0.74	-0.91	1.67	-1.10	-0.15	1.79	0.23	0.19	1.79	-2.09	0.80	-0.25	-0.50	-1.14	0.77	0.61	-0.73	2.87	-0.50	-0.21	1.83	-1.23	0.97	-0.36	-0.62	0.47	-0.45	-0.25	0.87	-0.64	-0.59	0.91	-0.49	1.00	3.00	-0.80	-1.68	0.00	-0.26	0.32	0.85	-0.60	-0.82	6.17	0.90	-0.39	0.56	RB 	TPP3 [SERE] [WHQU] 
FIC-J54-016	-0.08	1.13	-0.58	-0.65	0.87	-0.59	0.00	-1.55	-0.44	0.00	0.50	0.05	0.00	-0.54	0.11	-0.23	-0.25	-0.49	0.19	0.49	-0.58	1.64	2.74	-0.15	0.21	1.35	-0.60	1.31	0.00	-1.47	-0.31	-0.69	0.00	-0.72	0.63	0.61	-0.73	2.00	-0.50	0.08	1.63	-1.64	0.89	-0.89	0.31	0.14	-0.18	3.50	0.62	-0.36	1.24	-0.03	-0.23	0.76	0.50	0.70	-1.72	0.00	-0.19	0.26	0.07	-0.30	-0.82	2.17	-0.10	-0.32	1.17		PHC [PASTP] [WHQU] 
FIC-K8V-001	-0.62	0.42	-0.93	-0.18	-0.13	0.41	-0.06	-0.90	0.15	-0.17	0.62	-1.05	0.67	-0.24	-1.34	-0.46	-0.15	-1.05	1.00	1.02	-1.09	0.09	0.44	-1.06	1.82	0.65	0.29	0.96	0.48	-1.31	0.44	1.81	-0.50	-0.34	-0.63	0.39	0.27	2.01	0.00	1.18	1.70	-1.27	0.92	-0.69	-0.62	0.62	-0.14	0.75	1.56	-0.64	1.00	1.30	-0.54	-0.02	-0.25	0.70	-0.52	0.00	0.81	0.29	0.27	1.30	-0.59	2.17	-0.65	-0.45	0.39		TPP3 [WHQU] 
FIC-K8V-002	-0.62	0.85	-1.05	0.00	1.50	-0.64	-0.38	-0.86	0.48	-0.26	-0.88	-0.14	0.06	-0.39	-1.08	-0.46	-0.40	-1.38	-0.48	0.50	-0.83	0.64	0.63	-0.66	0.48	1.12	0.14	-0.69	0.83	-0.97	-0.06	-0.69	0.50	-0.93	0.14	1.21	-0.73	2.60	-0.50	-0.07	1.59	-1.58	1.89	-1.12	1.15	0.62	-0.50	-0.25	1.54	-0.09	1.41	0.63	0.11	0.17	-0.25	-0.20	-1.04	0.00	0.74	-0.19	-0.05	1.70	-0.47	2.50	-0.50	-0.81	2.61		TPP3 [WHQU] [WZPRES] 
FIC-K8V-003	-0.58	0.94	-1.07	0.06	0.12	0.14	-0.38	-1.02	0.54	-0.13	-0.69	-0.38	-0.17	-0.04	-0.79	-0.23	-0.10	-0.77	0.33	-0.22	-0.97	1.36	0.59	-1.17	1.23	1.21	1.09	0.12	0.45	-1.26	0.75	0.12	1.00	-0.59	0.03	-0.71	-0.45	2.38	0.25	0.27	2.01	-1.38	2.38	-0.98	0.08	0.49	-0.47	0.50	1.15	-0.36	1.06	1.64	-0.23	0.87	2.00	0.40	-1.08	0.00	1.33	0.58	1.59	1.90	-0.65	4.83	-0.25	-0.52	0.33		TPP3 VBD XX0 [WHQU] 
FIC-K8V-004	-0.65	0.81	-1.32	-0.06	0.25	0.45	-0.56	-1.12	0.94	-0.22	-0.38	0.24	-0.06	0.18	-1.21	-0.46	0.50	-0.77	0.48	-0.58	-0.85	0.00	0.67	-1.58	0.90	0.12	1.43	1.00	1.40	-1.07	0.64	0.25	-0.50	-0.66	0.60	0.52	-0.45	2.54	-0.13	0.17	1.74	-1.12	2.43	-0.75	-0.62	1.11	-0.61	5.75	0.75	-0.36	0.24	1.35	-0.17	0.83	-0.25	2.30	-1.36	0.00	0.04	0.06	0.95	2.50	-0.82	2.00	-0.55	-0.81	-0.11		TPP3 XX0 [PASTP] [SMP] [WHCL] 
FIC-K8V-005	-0.88	1.02	-0.85	0.12	-0.13	0.09	-0.19	0.29	0.33	0.04	-0.44	0.52	1.00	-0.24	-0.89	-0.46	-0.25	-0.48	-0.38	0.49	-0.79	0.27	0.89	-0.75	1.62	0.00	0.51	1.81	0.14	-0.89	0.61	-0.25	-0.50	-0.83	-0.20	-0.91	-0.36	1.64	1.75	0.99	1.63	-1.39	0.66	0.07	-0.62	0.11	-0.38	0.75	0.23	0.18	1.76	0.54	0.66	-0.02	2.00	0.50	-0.24	0.00	0.41	0.06	0.54	0.30	-0.82	3.33	-0.40	-0.68	-0.39		[WHQU] 
FIC-K8V-006	-0.19	0.63	-1.00	-0.35	0.87	-0.36	-0.44	-0.79	-0.15	0.13	0.56	-0.21	0.94	-0.16	-0.82	-0.31	-0.45	-0.38	-0.76	0.59	-1.01	0.18	0.00	-0.98	0.32	0.09	0.14	1.27	-0.48	-0.88	0.71	1.69	0.33	-0.55	0.31	-0.45	-0.09	2.35	0.38	0.51	1.90	-1.46	1.56	-0.57	-0.46	0.40	-0.45	2.25	0.92	0.00	0.71	0.91	-0.23	0.24	0.25	0.40	-0.92	0.00	0.33	-0.06	0.56	1.10	-0.53	0.83	-0.10	-0.58	0.61		TPP3 [PASTP] 
FIC-K8V-007	-0.31	0.88	-1.45	-0.29	0.50	0.00	-0.56	-0.07	0.00	0.57	0.31	0.86	0.50	0.06	-1.26	-0.23	-0.10	-0.97	-0.10	-0.48	-0.99	0.18	-0.11	-1.67	2.69	1.44	1.00	0.81	0.88	-1.14	1.21	1.44	-0.50	-0.62	-0.51	0.21	-0.18	2.56	1.00	0.08	1.63	-0.93	2.26	-0.34	-0.38	0.94	-0.56	3.50	-0.04	-0.36	1.24	1.92	-0.23	-0.28	1.25	1.40	-1.60	0.00	0.63	-0.45	1.37	2.50	-0.82	1.17	-0.90	-0.32	0.50		PIT TPP3 XX0 [PASTP] [WHCL] 
FIC-K8V-008	-0.69	0.98	-0.97	0.41	0.63	0.64	-0.44	-1.00	0.77	0.04	0.38	-0.38	0.61	-0.15	-1.21	0.08	0.05	-1.07	-0.19	0.48	-0.90	0.36	0.26	-0.90	0.85	0.32	0.71	0.54	0.79	-1.14	0.33	0.38	0.33	-0.55	-0.06	0.11	-0.45	1.69	0.62	0.12	1.45	-1.16	1.25	-0.78	-0.46	0.47	-0.18	1.75	1.40	-0.36	0.53	0.85	0.26	-0.02	1.00	1.20	-0.96	0.00	1.04	0.23	0.90	1.60	-0.65	4.67	-0.10	-0.55	0.94		[WHQU] 
FIC-K8V-009	-0.23	0.00	-1.27	-0.47	1.25	0.64	-0.38	-0.64	0.29	0.00	0.06	-0.43	-0.39	0.71	-0.97	-0.23	-0.40	-1.13	0.29	0.51	-0.99	0.18	0.07	-1.34	0.73	1.21	1.66	0.04	0.45	-1.39	1.19	0.44	-0.50	-0.41	-0.29	0.05	-0.45	1.88	-0.13	0.65	1.64	-1.02	1.79	-0.59	-0.62	0.67	-0.77	2.00	0.25	-0.36	0.47	1.31	-0.09	0.07	-0.25	0.10	-1.36	0.00	0.15	-0.45	1.07	1.80	-0.47	4.17	-0.60	-0.81	0.11		[WHQU] 
FIC-K8V-010	-0.81	0.48	-1.10	0.00	0.12	0.68	-0.75	-0.64	0.10	-0.04	0.06	-0.24	0.78	-0.16	-0.89	0.00	-0.05	-1.02	0.29	0.17	-0.87	0.09	0.70	-1.26	0.72	1.09	2.14	-0.19	0.48	-0.76	0.40	1.19	-0.50	-0.41	-0.29	0.13	0.27	1.98	0.25	0.27	1.77	-1.28	1.31	-0.86	-0.15	0.37	-0.39	1.75	0.62	-0.45	1.00	1.76	0.29	0.19	1.75	-0.20	-0.36	0.00	1.78	0.23	0.59	2.10	-0.71	4.67	-0.85	-0.68	0.61		POMD [WHCL] [WHQU] 
FIC-K8V-011	-0.15	0.90	-0.97	0.24	-0.13	0.77	-0.25	-0.81	-0.17	-0.35	-0.75	-0.60	0.89	-0.04	-1.53	-0.46	-0.10	-0.71	-0.43	0.54	-0.93	-0.18	0.04	-1.04	0.87	0.32	-0.57	1.31	0.60	-0.97	0.54	0.87	0.17	-0.07	0.17	0.29	-0.36	2.02	1.37	-0.64	2.20	-1.51	1.00	-0.51	-0.31	-0.06	-0.47	1.75	1.83	0.45	0.76	1.23	0.34	0.43	0.75	0.00	-0.96	0.00	-0.44	0.42	1.12	1.30	-0.59	3.50	-0.45	-0.32	-0.44		TPP3 VBD [WHQU] 
FIC-AB9-001	0.27	1.13	-0.38	-0.18	-0.38	0.14	-0.38	-0.95	-0.17	0.00	0.38	0.24	-0.67	0.08	-0.89	-0.31	-0.50	0.04	-0.43	0.04	-0.67	0.55	0.30	-0.72	-0.08	-0.32	-0.14	0.77	0.64	-0.74	0.37	-0.56	0.17	-0.31	0.03	0.55	0.00	2.16	-0.25	1.37	1.21	-1.12	0.59	-0.75	-0.15	0.52	-0.20	3.75	0.56	-0.09	1.41	0.43	-0.40	0.00	0.75	-0.40	-0.40	0.00	0.07	0.65	0.63	1.20	-0.82	1.67	-0.45	-0.74	0.33		TPP3 [PASTP] 
CORPUS	-0.37	0.41	-0.48	-0.21	0.39	0.27	-0.28	-0.80	-0.04	-0.02	0.34	-0.10	0.52	-0.18	-0.68	-0.23	-0.17	-0.49	-0.17	0.70	-0.66	0.23	1.00	-0.67	0.68	0.99	0.09	1.09	0.46	-1.35	0.21	0.17	0.11	-0.45	0.06	0.08	-0.04	1.64	0.57	0.63	1.41	-1.25	0.45	-0.99	-0.11	0.16	-0.47	2.02	0.46	-0.21	1.69	0.27	-0.34	0.36	1.22	0.55	-0.90	111.59	0.26	0.40	0.27	0.62	-0.65	2.37	-0.29	-0.45	0.59		[PASTP] [SPIN] [WHQU] 