Filename	AMP	ANDC	AWL	CAUS	CONC	COND	CONJ	DEMO	DEMP	DPAR	DWNT	EMPH	EX	FPP1	GER	HDG	INPR	JJ	NEMD	NN	NOMZ	OSUB	PHC	PIN	PIT	PLACE	POMD	PRED	PRMD	RB	SPP2	SYNE	THAC	THVC	TIME	TO	TOBJ	TPP3	TSUB	TTR	VBD	VPRT	XX0	[BEMA]	[BYPA]	[CONT]	[PASS]	[PASTP]	[PEAS]	[PIRE]	[PRESP]	[PRIV]	[PROD]	[PUBV]	[SERE]	[SMP]	[SPAU]	[SPIN]	[STPR]	[SUAV]	[THATD]	[WHCL]	[WHOBJ]	[WHQU]	[WHSUB]	[WZPAST]	[WZPRES]	Underused_variables	Overused_variables	
JSC-15B-08N	0.35	-0.44	0.05	4.29	2.38	-0.05	5.25	2.79	-0.96	0.52	1.00	1.93	2.78	-0.03	-0.58	-0.46	-0.70	-0.42	3.00	1.83	-0.38	-0.91	5.85	-0.76	1.08	0.15	-1.66	5.12	-0.19	-1.75	-0.54	0.44	-0.50	0.93	-1.49	1.20	2.55	-0.74	-0.50	-1.37	-0.96	0.57	1.56	-0.33	-0.62	-0.40	-0.18	-0.25	-0.27	-0.64	-0.59	0.46	-0.86	-0.98	-0.25	0.40	-1.72	0.00	-0.74	0.23	-0.17	0.60	-0.82	-0.33	1.35	-0.81	-0.89		CAUS CONC CONJ DEMO EX NEMD PHC PRED TOBJ 
JSC-15B-09N	0.54	-0.10	-0.18	1.76	0.25	1.50	4.13	2.86	0.23	-0.43	0.88	0.02	1.06	1.05	-1.24	-0.31	-0.30	-0.66	4.38	0.25	1.04	-0.18	0.74	-1.19	0.70	-0.65	1.14	5.69	0.12	-1.81	-0.14	-0.06	1.83	1.14	-1.00	0.63	1.55	-0.47	0.50	-1.03	-0.66	0.31	2.02	0.57	0.54	-0.34	0.35	0.25	-1.33	-0.55	-0.18	1.45	-0.71	0.09	2.00	-0.20	-1.24	0.00	-0.48	1.52	0.93	1.10	-0.18	0.83	1.20	-0.65	0.06		CONJ DEMO NEMD PRED XX0 
JSC-15B-10N	0.58	0.06	-0.10	1.00	-0.13	0.36	3.81	1.07	-0.13	-0.39	0.81	0.14	1.06	0.51	-1.13	-0.46	-0.35	-0.88	3.67	1.78	0.06	-0.27	1.11	-1.17	0.63	-0.47	0.40	4.08	-0.31	-1.98	-0.28	0.06	2.00	1.79	-0.66	0.70	0.64	-0.48	0.50	-0.69	-0.40	0.03	1.26	-0.38	0.69	-0.47	0.62	0.50	-0.77	-0.45	-0.18	1.43	-0.20	0.30	1.00	-0.10	-1.12	3000.00	-0.41	1.06	0.61	0.90	-0.35	0.67	2.05	-0.65	-0.11		CONJ NEMD PRED [SPIN] [WHSUB] 
JSC-15B-11N	0.96	0.08	-0.02	2.47	0.38	0.77	3.25	2.36	0.31	-0.35	0.44	0.24	0.17	0.83	-0.89	-0.23	-0.45	-0.56	3.43	0.67	0.76	-0.18	0.59	-0.92	0.70	-0.53	1.23	5.04	-0.21	-1.87	-0.32	-0.19	1.83	0.48	-0.97	0.45	1.36	-0.38	2.50	-0.74	-0.26	-0.01	2.07	0.01	0.23	-0.35	0.41	0.25	-0.87	-0.45	-0.24	1.39	-0.29	-0.13	0.50	0.30	-0.92	0.00	-0.56	1.00	0.93	0.80	-0.35	0.00	1.05	-0.48	-0.22		CAUS CONJ DEMO NEMD PRED TSUB XX0 
JSC-15B-12N	0.00	0.17	0.32	1.71	0.25	0.95	4.44	0.55	-0.02	-0.17	0.12	0.67	0.78	0.29	-0.95	-0.31	-0.55	1.20	2.86	0.87	0.69	-0.09	1.44	-0.96	0.39	-0.50	1.06	3.15	0.14	-1.98	-0.38	-0.31	1.17	1.03	-0.54	1.21	1.64	-0.75	0.88	0.12	-0.88	0.10	0.67	-0.52	0.15	-0.48	-0.21	0.00	-0.90	-0.55	-0.24	0.22	-0.49	0.06	0.75	-0.50	-1.28	0.00	-0.44	0.87	0.12	0.00	-0.59	-0.17	0.60	-0.58	0.17		CONJ NEMD PRED 
JSC-15B-13N	0.69	0.13	0.22	1.71	0.38	0.73	3.75	0.10	0.10	-0.26	0.88	0.55	1.28	0.49	-1.21	-0.15	-0.55	-0.23	3.48	1.12	0.26	-0.09	0.96	-0.81	0.37	-0.32	0.91	4.42	0.07	-2.12	-0.30	-0.63	1.83	0.76	-0.34	1.02	2.00	-0.08	1.13	-0.16	-0.66	0.24	1.48	0.21	0.62	-0.45	0.05	-0.25	-1.21	-0.55	0.00	1.10	-0.40	0.65	0.50	0.20	-1.40	2000.00	-0.41	0.58	0.80	0.80	-0.59	0.33	0.60	-0.61	0.11	RB 	CONJ NEMD PRED [SPIN] 
JSC-15B-14N	0.12	0.10	0.32	1.41	1.25	-0.68	2.69	-0.10	-0.23	0.13	0.94	1.00	1.83	-0.14	-1.05	-0.08	-0.70	-0.30	1.38	1.19	0.25	0.91	1.52	-0.61	0.59	-0.47	0.49	6.27	-0.02	-2.36	-0.50	-1.06	2.00	1.28	-0.77	2.34	1.09	0.25	-0.50	-0.40	-0.63	0.20	-0.41	0.87	0.15	-0.65	0.36	-0.25	-0.98	-0.64	0.88	0.82	-0.57	-0.31	2.25	0.20	-1.20	10000.00	-0.74	0.84	0.22	-0.60	-0.53	0.50	0.45	-0.81	1.06	RB 	CONJ PRED TO [SERE] [SPIN] 
JSC-15B-15N	0.19	0.27	0.20	0.88	0.12	-0.55	4.06	1.93	-0.29	-0.26	-0.06	0.19	0.56	-0.08	-1.16	-0.46	-0.70	-0.01	1.43	1.88	0.58	-0.91	2.07	0.31	0.37	-0.74	0.17	2.15	0.36	-2.12	-0.62	-1.06	-0.50	0.62	-0.94	1.13	0.45	-0.99	1.13	-0.55	-0.58	-0.62	0.72	-0.95	-0.15	-0.52	0.68	-0.25	-1.29	-0.64	0.53	-0.13	-0.31	-0.83	-0.25	1.10	-1.68	0.00	-0.74	-0.32	-0.12	-0.60	-0.82	-0.33	-1.05	-0.61	-0.17	RB 	CONJ PHC PRED 
JSC-15B-16N	1.62	0.00	0.22	1.00	-0.13	-0.23	2.31	2.10	0.31	-0.52	1.31	0.33	1.50	0.73	-0.66	-0.46	-0.70	-0.72	2.67	1.48	1.41	0.18	3.41	-0.66	-0.01	-0.44	1.00	1.62	-0.45	-1.95	-0.39	-0.06	1.50	1.52	-0.43	-0.41	1.45	-0.86	1.00	-0.45	-0.32	-0.18	0.61	-0.63	2.54	-0.35	0.58	2.75	-0.10	-0.64	0.12	1.00	0.06	-0.44	0.75	0.40	-0.40	4000.00	-0.30	0.52	0.34	-0.20	-0.82	0.33	0.55	-0.55	0.89		CONJ DEMO NEMD PHC [BYPA] [PASTP] [SPIN] 
JSC-15B-17N	0.27	-0.08	0.90	1.59	-0.25	0.00	3.94	1.29	-0.04	-0.52	0.31	0.00	1.06	0.05	1.37	0.00	-0.55	0.16	4.38	0.51	1.51	0.82	0.70	-0.94	1.76	-0.65	-0.49	3.35	0.17	-2.31	-0.58	-0.25	3.17	0.69	-0.06	2.75	1.55	-0.96	1.50	-0.50	-0.45	-0.23	-0.16	-0.41	0.08	-0.39	0.64	-0.25	-1.12	-0.09	0.88	1.10	-0.49	-0.04	0.50	-0.50	-1.20	0.00	-0.52	2.10	0.68	-0.60	-0.65	0.17	0.35	-0.61	0.33	RB 	CONJ NEMD PRED THAC TO [SUAV] 
JSC-15B-18N	2.31	-0.19	-0.40	3.65	-0.63	-1.14	2.44	0.93	-0.35	-0.52	-0.31	2.67	0.39	4.54	2.95	-0.46	-0.70	-0.95	1.76	-1.55	0.33	0.45	0.07	-1.71	0.49	-0.91	3.74	8.27	0.05	-1.49	-0.46	-1.06	-0.50	3.62	-0.03	5.54	0.64	-1.26	0.38	-2.04	0.12	-0.23	1.95	0.39	-0.62	-0.33	-1.12	-0.25	-0.81	-0.64	-0.59	1.90	-0.43	-0.61	-0.25	-0.10	-1.32	0.00	-0.74	-0.45	1.02	0.90	0.06	0.83	-0.70	-0.81	-0.89	TTR 	AMP CAUS CONJ EMPH FPP1 GER POMD PRED THVC TO 
JSC-12A-01N	0.62	-0.04	-0.05	1.65	0.00	1.14	1.94	1.52	-0.15	-0.22	0.00	0.67	-0.11	0.98	-1.42	-0.31	-0.35	-0.14	6.57	1.32	0.71	0.36	0.85	-1.98	0.62	0.76	0.09	3.15	0.88	-1.18	-0.68	0.06	3.33	1.83	0.14	2.32	0.27	-0.65	0.38	-1.08	-0.14	-0.37	0.69	-0.93	-0.08	-0.41	-0.02	-0.25	-0.96	-0.64	-0.59	1.69	0.11	-0.04	0.25	-0.60	-1.28	2000.00	-0.67	-0.19	1.12	0.80	-0.71	-0.33	-0.35	-0.58	-0.50		NEMD PRED THAC TO [SPIN] 
JSC-12A-01O	1.04	-0.10	0.02	1.71	-0.63	2.50	3.44	1.48	0.17	-0.52	1.25	0.40	0.28	0.75	-1.84	-0.46	-0.70	-0.10	4.10	0.76	1.31	1.55	0.74	-1.03	-0.13	1.44	2.17	2.81	-0.05	-2.20	-0.72	1.44	-0.50	1.62	-1.49	1.64	-0.73	0.04	1.13	-1.22	-1.14	0.55	1.67	-0.16	1.46	-0.51	-0.24	-0.25	-1.40	-0.64	0.18	1.36	0.69	-0.69	-0.25	-0.80	-1.68	0.00	-0.74	-0.52	1.54	0.70	-0.82	-0.33	0.95	-0.81	-0.17	RB 	COND CONJ NEMD POMD PRED 
JSC-12A-02N	0.31	-0.04	-0.18	3.71	0.87	2.73	3.50	-0.50	0.08	-0.43	-0.19	1.64	0.50	1.21	-1.39	-0.15	-0.50	-0.23	3.33	0.04	-0.58	0.36	0.19	-1.96	1.99	-0.56	2.06	6.77	0.43	-2.10	0.41	0.38	2.33	1.14	-0.60	2.68	0.18	0.00	0.00	-0.84	-0.97	1.06	2.23	0.61	0.15	0.26	-0.30	0.25	-1.10	-0.64	-0.24	1.76	1.03	0.63	0.25	-0.40	-1.52	0.00	-0.59	0.81	2.22	1.70	-0.71	0.33	1.00	-0.74	-0.11	RB 	CAUS COND CONJ NEMD POMD PRED THAC TO XX0 [THATD] 
JSC-12A-02O	-1.04	-0.94	-0.18	-0.65	-0.63	-1.14	-0.75	-0.24	-0.96	-0.52	-1.25	-1.50	-1.22	3.75	-1.84	-0.46	-0.70	-1.33	16.00	0.20	-1.38	-0.91	-1.26	-1.54	2.32	-0.91	-1.66	5.08	0.79	-0.68	0.58	-1.06	-0.50	-1.14	-1.49	0.54	-0.73	-0.14	-0.50	-6.22	-0.73	0.60	3.00	-0.16	-0.62	0.24	-1.45	-0.25	0.06	-0.64	-0.59	2.56	6.80	-1.43	-0.25	8.10	1.36	0.00	-0.74	-0.94	1.41	-0.60	-0.82	14.50	3.40	-0.81	-0.89	TTR 	FPP1 NEMD PIT PRED XX0 [PRIV] [PROD] [SMP] [WHQU] [WHSUB] 
JSC-12A-03N	0.08	0.29	-0.32	1.29	0.63	0.95	2.94	-0.12	-0.15	-0.22	1.63	0.98	0.39	2.03	1.84	-0.46	-0.70	1.33	1.62	-0.31	-0.43	0.27	1.89	-1.86	1.30	-0.44	0.86	5.46	0.21	-1.36	0.30	-0.25	0.67	0.66	-0.66	4.61	-0.45	-1.04	-0.13	-1.85	-0.61	0.17	0.59	0.07	-0.62	-0.25	-0.86	-0.25	-0.65	0.00	-0.18	2.28	-0.49	1.70	-0.25	-0.80	-1.04	3000.00	-0.26	-0.52	0.76	2.00	-0.24	0.17	-0.55	-0.71	0.94		CONJ FPP1 PRED TO [PRIV] [SPIN] 
JSC-12A-04N	2.19	0.06	-0.28	2.06	2.38	1.45	1.31	3.19	0.15	-0.43	0.56	1.26	-0.39	1.48	-1.74	0.08	-0.70	-0.26	0.57	-0.17	-0.10	0.27	0.52	-1.68	0.15	-0.53	1.74	6.23	1.02	-2.03	-0.59	-0.50	1.00	0.90	-1.06	1.62	0.27	1.18	0.88	-0.74	0.44	-0.36	0.84	0.09	3.46	-0.32	-0.32	0.25	-0.42	-0.64	-0.47	1.13	-0.11	-0.85	-0.25	-0.80	-0.08	0.00	-0.59	0.42	1.44	0.70	-0.06	-0.33	1.15	-0.52	-0.28	RB 	AMP CAUS CONC DEMO PRED [BYPA] 
JSC-12A-04O	-1.04	-0.94	0.05	-0.65	8.25	2.09	3.69	1.02	-0.96	-0.52	-1.25	1.88	2.72	1.40	-1.84	-0.46	2.85	0.54	-1.00	-0.69	0.59	5.55	1.37	-2.12	-0.45	-0.91	2.40	3.65	2.05	-1.71	-0.72	-1.06	-0.50	6.21	0.54	-0.13	-0.73	0.88	-0.50	-5.40	0.55	-0.20	0.93	0.01	-0.62	0.42	2.85	-0.25	-1.65	-0.64	-0.59	0.32	-0.86	-0.11	-0.25	-0.80	-2.20	0.00	-0.74	-0.94	-0.76	-0.60	-0.82	-0.33	2.50	-0.81	-0.89	PIN TTR [SPAU] 	CONC COND CONJ EX INPR OSUB POMD PRED PRMD THVC [PASS] [WHSUB] 
JSC-12A-05N	0.27	0.02	-0.02	3.88	1.00	1.95	2.56	1.00	0.77	-0.35	-0.44	0.40	2.94	0.92	-1.00	0.08	-0.35	0.63	6.52	0.23	-0.08	-0.55	0.37	-1.35	1.00	-0.65	1.71	5.69	0.36	-2.19	-0.58	0.94	2.67	1.34	-0.97	1.36	1.27	-0.16	-0.38	-0.93	-1.06	0.83	1.62	0.25	0.31	-0.06	0.33	0.00	-1.23	-0.55	0.00	1.35	-0.49	1.91	0.75	-0.80	-1.48	1000.00	-0.30	1.97	1.59	0.30	-0.47	0.67	0.65	-0.71	-0.50	RB 	CAUS CONJ EX NEMD PRED THAC [SPIN] 
JSC-12A-05O	-0.77	0.13	-0.15	4.12	1.25	0.86	2.44	-0.26	-0.19	-0.22	-0.31	-0.10	0.83	1.46	-1.45	-0.46	-0.70	0.52	8.10	0.00	0.15	-0.27	-0.70	-1.29	0.52	-0.06	1.69	5.27	-0.45	-2.14	-0.56	0.31	2.00	1.38	-0.43	1.41	-0.09	-0.22	-0.50	-1.03	-1.05	0.90	2.10	0.81	-0.08	0.10	0.67	1.50	-0.94	-0.64	0.29	2.15	-0.66	0.48	-0.25	0.70	-1.32	0.00	-0.48	2.13	1.93	3.10	-0.41	-0.33	1.15	-0.81	-0.06	RB 	CAUS CONJ NEMD PRED XX0 [PRIV] [SUAV] [WHCL] 
JSC-12A-06N	0.73	-0.13	-0.38	3.00	0.63	1.14	2.94	2.93	0.48	-0.39	0.06	0.81	1.94	0.89	-0.82	0.00	-0.15	-0.60	5.52	0.16	-0.22	-0.18	0.48	-1.65	0.20	-0.56	1.03	3.12	-0.10	-1.88	-0.51	1.94	1.17	1.62	-0.54	2.48	0.55	0.52	0.38	-1.08	-0.10	-0.04	2.18	-0.56	0.69	-0.22	0.44	-0.25	-0.96	-0.64	0.06	1.77	-0.20	0.37	0.75	0.00	-1.52	1000.00	-0.70	1.06	1.29	1.70	-0.47	0.33	0.80	-0.77	-0.67		CAUS CONJ DEMO NEMD PRED TO XX0 [SPIN] 
JSC-12A-06O	0.69	0.00	-0.52	5.06	1.75	1.50	2.06	2.40	0.52	0.04	-0.44	1.26	0.22	1.03	-1.34	-0.46	-0.40	-0.62	5.76	0.12	-0.13	-0.36	0.89	-1.46	0.27	-0.74	0.74	4.65	0.19	-2.05	-0.53	2.94	1.67	1.52	-0.20	2.29	1.00	0.44	1.88	-1.56	0.06	-0.18	1.77	0.21	0.85	-0.27	0.39	-0.25	-1.29	-0.64	-0.24	0.68	-0.49	0.24	-0.25	-0.80	-1.44	0.00	-0.52	0.10	0.80	0.00	-0.47	2.83	2.50	-0.61	-0.56	RB 	CAUS CONJ DEMO NEMD PRED SYNE TO [WHQU] [WHSUB] 
JSC-12A-07N	0.54	0.02	0.02	2.76	0.25	1.64	3.00	1.40	0.40	-0.26	-0.50	1.45	1.22	0.58	-1.50	-0.38	-0.65	0.52	4.67	-0.05	0.90	0.09	0.48	-1.37	0.55	-0.56	1.91	4.08	1.02	-2.06	-0.67	-0.38	1.50	0.72	-0.09	3.21	1.64	-0.32	0.88	-1.65	-1.08	0.47	0.74	-0.23	-0.23	-0.25	0.00	0.00	-1.21	-0.55	-0.29	0.95	-0.34	-0.28	-0.25	-0.70	-1.08	1000.00	-0.37	1.35	1.27	0.40	-0.29	0.00	1.30	-0.65	0.11	RB 	CAUS CONJ NEMD PRED TO [SPIN] 
JSC-12A-07O	-0.27	-0.44	0.20	2.41	1.88	1.41	4.69	0.57	0.21	-0.17	0.25	1.33	1.67	0.57	-1.42	-0.46	-0.70	0.89	4.86	0.18	0.66	0.55	1.81	-1.46	0.56	-0.79	1.86	3.69	0.83	-1.90	-0.57	-0.81	2.83	0.24	0.11	2.59	-0.36	-0.20	0.00	-0.93	-1.16	0.36	0.36	-0.56	-0.62	-0.39	-0.91	0.75	-1.04	-0.64	0.12	1.02	-0.29	-1.13	-0.25	-0.80	-1.72	0.00	-0.44	-0.42	1.95	0.20	-0.12	-0.33	0.95	-0.42	0.00		CAUS CONJ NEMD PRED THAC TO 
JSC-12B-01N	-0.04	-0.10	-0.12	3.35	1.25	0.64	3.94	0.55	0.10	-0.09	0.31	0.93	0.11	1.59	-0.79	0.08	-0.55	-0.06	3.10	-0.65	0.15	0.45	1.11	-1.64	1.10	-0.59	1.83	4.00	-0.38	-1.50	-0.51	-0.63	2.50	1.14	0.06	4.11	0.18	-0.83	0.38	-1.37	-1.12	0.72	1.90	-0.05	-0.38	-0.15	-0.59	-0.25	-0.73	-0.55	-0.35	1.54	-0.83	5.43	1.25	-0.70	-1.52	0.00	-0.59	0.13	1.71	2.00	-0.41	-0.33	0.00	-0.55	-0.11		CAUS CONJ NEMD PRED THAC TO [PUBV] 
JSC-12B-01O	0.50	-0.27	-0.18	2.59	0.00	-0.14	7.19	1.02	0.19	0.13	0.44	1.57	0.00	1.89	-1.05	-0.31	-0.45	-0.37	3.95	-0.44	0.50	-0.45	1.04	-1.28	1.04	-0.71	1.83	4.23	-0.50	-1.95	-0.56	-0.75	4.00	0.59	0.14	4.41	1.27	-1.08	-0.50	-1.89	-1.02	0.28	1.59	-0.18	-0.62	-0.22	-0.52	-0.25	-1.37	-0.64	0.59	1.28	-0.51	4.74	-0.25	-0.80	-1.52	2000.00	-0.56	-0.13	1.56	1.90	-0.53	0.50	-0.20	-0.81	-0.06		CAUS CONJ NEMD PRED THAC TO [PUBV] [SPIN] 
JSC-12B-02N	0.46	-0.27	-0.02	3.71	0.87	1.09	3.00	2.81	0.67	-0.22	0.31	0.74	0.94	0.58	0.03	-0.31	-0.50	-0.27	2.52	0.45	0.01	-0.45	2.48	-1.32	1.35	-0.35	0.86	5.73	0.71	-1.34	-0.67	-0.31	2.67	0.86	-0.63	1.46	0.91	-0.80	0.13	-1.17	-0.87	0.53	1.64	-0.02	0.46	-0.17	0.36	-0.25	-1.00	-0.64	-0.18	1.05	-0.06	-0.19	1.00	-0.60	-1.00	2000.00	-0.33	0.39	1.27	0.60	-0.41	-0.33	1.70	-0.74	0.11		CAUS CONJ DEMO NEMD PHC PRED THAC [SPIN] 
JSC-12B-02O	-0.08	-0.42	0.35	2.35	-0.63	1.18	12.00	0.67	1.17	-0.52	0.31	0.31	-1.22	0.23	-1.84	-0.46	-0.70	1.10	1.43	1.36	-0.15	-0.91	0.63	-1.44	1.06	-0.91	0.51	7.96	0.48	-1.41	-0.54	-1.06	-0.50	2.38	-0.03	1.43	-0.73	-1.22	-0.50	-0.88	-0.90	0.85	-0.15	1.31	-0.62	-0.45	0.86	6.00	1.77	-0.64	-0.59	0.23	-0.86	-1.43	-0.25	-0.80	-2.20	0.00	-0.74	0.71	0.49	-0.60	-0.82	-0.33	1.50	-0.81	-0.89	[SPAU] 	CAUS CONJ PRED THVC [PASTP] 
JSC-12B-03N	0.85	-0.10	-0.30	2.12	0.25	-0.05	2.31	1.67	0.21	-0.35	0.00	1.48	0.11	0.89	2.13	-0.46	-0.70	-0.26	5.90	-0.05	-0.08	0.91	0.48	-1.45	0.99	-0.59	1.34	4.08	0.14	-1.85	-0.64	-0.50	2.50	0.62	-0.23	1.23	0.45	-0.17	0.62	-1.03	-0.34	0.11	2.10	-0.38	1.23	-0.04	0.53	-0.25	-0.96	-0.64	0.18	1.94	0.17	-0.31	0.75	-0.40	-1.32	0.00	-0.41	0.06	1.15	4.70	-0.41	-0.33	0.95	-0.52	-0.67		CAUS CONJ GER NEMD PRED THAC XX0 [WHCL] 
JSC-12B-03O	2.65	3.06	-0.42	-0.65	-0.63	-1.14	-0.75	4.50	-0.96	-0.52	-1.25	5.36	-1.22	1.17	0.68	-0.46	-0.70	-1.70	3.57	-0.48	-0.72	-0.91	2.30	-2.46	-0.10	1.91	6.57	13.00	0.95	-2.64	-0.72	-1.06	-0.50	5.48	-1.49	-0.95	-0.73	-0.48	-0.50	-6.27	-0.05	-0.02	6.49	1.07	-0.62	0.31	2.91	-0.25	0.19	-0.64	-0.59	2.89	-0.86	0.35	-0.25	-0.80	-2.20	0.00	-0.74	5.26	1.59	-0.60	-0.82	-0.33	3.75	-0.81	-0.89	PIN RB TTR [SPAU] 	AMP ANDC DEMO EMPH NEMD PHC POMD PRED THVC XX0 [PASS] [PRIV] [SUAV] [WHSUB] 
JSC-12B-04N	-0.04	-0.15	-0.25	3.24	0.87	-0.59	3.56	1.02	0.21	-0.22	0.69	0.90	1.56	0.24	-1.47	-0.31	-0.45	-0.80	3.05	1.69	0.01	0.00	1.19	-1.01	0.82	-0.65	0.29	4.27	-0.38	-2.24	-0.68	1.12	3.50	0.97	-0.29	0.75	1.45	-0.90	0.13	-0.84	-0.51	0.29	2.51	-0.40	0.31	-0.08	0.91	-0.25	0.15	-0.64	0.24	1.22	-0.40	0.19	-0.25	-0.50	-1.64	0.00	-0.41	0.42	1.10	0.30	-0.41	0.00	1.10	-0.74	-0.33	RB 	CAUS CONJ NEMD PRED THAC XX0 
JSC-12B-04O	-1.04	-0.94	1.30	-0.65	-0.63	-1.14	-0.75	1.62	2.52	-0.52	-1.25	-1.50	-1.22	0.87	-1.84	-0.46	-0.70	-2.34	22.81	1.95	0.93	-0.91	-1.26	2.21	-1.45	-0.91	-1.66	-1.81	-1.33	-1.84	-0.72	-1.06	-0.50	-1.14	3.29	-2.66	14.45	-1.33	-0.50	-7.86	-1.32	1.14	-1.39	-1.22	-0.62	0.17	8.65	-0.25	-1.65	-0.64	-0.59	-0.13	-0.86	4.74	-0.25	-0.80	-2.20	0.00	-0.74	4.45	-0.76	-0.60	-0.82	-0.33	15.60	-0.81	-0.89	JJ TO TTR [SPAU] 	DEMP NEMD PIN TIME TOBJ [PASS] [PUBV] [SUAV] [WHSUB] 
JSC-12B-05N	1.92	0.10	0.75	2.53	1.00	2.36	3.44	1.12	0.17	-0.43	0.25	0.10	0.56	0.36	-1.50	-0.31	-0.25	-0.73	5.52	-0.10	0.50	0.27	1.22	-1.31	1.18	-0.74	2.51	7.04	0.86	-1.66	-0.67	0.94	5.17	1.31	-1.17	1.45	0.27	-0.14	-0.25	0.17	-0.58	0.17	2.41	0.46	0.54	-0.22	0.76	-0.25	-1.04	-0.45	-0.18	1.37	-0.43	2.28	1.25	-0.60	-1.36	4000.00	-0.59	0.10	1.07	3.90	-0.41	0.00	0.45	-0.58	-0.56		CAUS COND CONJ NEMD POMD PRED THAC XX0 [PUBV] [SPIN] [WHCL] 
JSC-12B-06N	0.42	-0.08	0.15	1.88	0.38	-0.36	2.56	0.43	-0.06	-0.26	0.06	0.33	0.22	0.63	-1.45	-0.31	-0.60	0.19	0.43	0.97	0.71	0.27	2.22	-0.48	0.59	-0.53	0.54	5.65	1.00	-1.87	-0.72	-0.69	2.33	0.93	0.17	0.36	0.45	0.24	2.38	1.09	-0.36	0.13	0.56	0.03	0.85	-0.26	-0.06	0.25	-0.83	-0.27	-0.12	1.25	-0.17	-0.59	2.50	-0.20	-1.60	2000.00	0.04	0.16	1.27	0.70	-0.29	-0.33	0.00	-0.61	-0.17		CONJ PHC PRED THAC TSUB [SERE] [SPIN] 
JSC-12B-07N	0.88	0.10	0.28	2.47	0.75	-0.27	4.00	1.48	0.38	-0.04	1.00	0.52	0.00	0.41	-1.53	-0.08	-0.45	0.52	3.05	1.09	0.03	1.36	3.52	-1.19	0.82	-0.09	0.26	4.88	-0.21	-2.06	-0.60	-0.88	1.33	1.38	0.69	1.66	0.73	-0.58	3.12	0.03	-0.70	0.31	0.82	0.06	0.23	-0.32	-0.65	1.00	-0.02	-0.64	-0.24	0.69	-0.63	-0.37	1.75	-0.60	-0.96	0.00	-0.33	-0.03	0.88	0.60	-0.53	0.50	0.95	-0.45	-0.44	RB 	CAUS CONJ NEMD PHC PRED TSUB 
JSC-12B-07O	0.08	-0.02	0.08	1.94	-0.63	0.18	2.00	0.10	-0.65	-0.52	0.56	0.26	0.39	0.03	-1.84	-0.46	-0.70	0.53	0.38	1.79	-0.06	1.73	-0.19	-1.28	0.41	0.38	0.46	4.96	0.43	-1.97	-0.61	1.69	-0.50	-0.62	2.29	-0.04	1.91	-0.55	5.00	-0.84	-0.98	1.25	2.23	0.89	0.54	0.15	-0.79	-0.25	0.62	-0.64	-0.59	0.67	-0.86	-0.33	-0.25	0.70	-1.60	0.00	-0.74	0.00	1.05	3.80	-0.82	-0.33	1.90	0.13	-0.06		PRED TIME TSUB XX0 [WHCL] 
JSC-12B-08N	1.23	-0.06	-0.65	3.82	2.12	0.09	2.63	3.38	0.21	-0.43	0.56	1.67	0.17	0.96	-1.21	0.15	-0.45	-1.20	3.81	0.08	-0.12	0.45	1.93	-1.81	0.31	-0.41	1.49	6.12	-0.05	-1.84	-0.70	-0.13	2.83	1.48	-0.49	0.95	1.27	0.61	1.13	-1.22	0.30	-0.20	2.44	0.13	1.31	-0.08	0.38	-0.25	-0.62	-0.36	0.00	2.38	0.40	0.02	-0.25	-0.60	-1.04	3000.00	-0.67	0.19	1.63	2.30	-0.24	0.17	1.05	-0.74	-0.78		CAUS CONC CONJ DEMO NEMD PRED THAC XX0 [PRIV] [SPIN] [WHCL] 
JSC-12B-09N	-0.15	-0.06	-0.32	1.18	2.38	0.27	1.19	0.98	-0.17	-0.26	0.56	1.36	1.44	0.52	-1.42	0.00	-0.60	0.27	1.57	1.06	0.33	-0.27	1.19	-1.28	0.10	-0.24	0.49	3.08	1.81	-1.94	-0.60	0.81	1.83	0.72	-0.11	0.48	0.82	-0.56	0.50	-0.45	-0.55	0.16	2.36	-0.57	-0.15	-0.11	-0.14	0.00	-1.19	-0.27	0.06	1.05	-0.66	-0.04	0.75	-0.40	-1.28	0.00	-0.48	2.58	1.07	1.40	-0.35	-0.17	0.25	-0.74	0.33		CONC PRED XX0 [SUAV] 
JSC-12B-09O	-0.58	-0.19	0.45	2.82	-0.63	-0.05	4.44	1.60	-0.46	0.00	-0.50	1.05	-0.56	0.69	-1.84	-0.46	-0.70	0.38	4.10	0.84	0.60	1.27	0.93	-1.26	0.39	-0.56	0.03	0.04	2.62	-2.38	-0.46	-1.06	1.50	5.00	1.23	1.37	4.64	0.04	-0.50	0.27	-0.54	-0.05	0.75	-1.23	0.31	-0.34	0.17	-0.25	0.17	-0.64	0.12	2.50	0.17	0.56	-0.25	-0.80	-1.24	0.00	-0.74	1.74	1.27	-0.60	-0.12	-0.33	-1.05	-0.81	-0.89	RB 	CAUS CONJ NEMD PRMD THVC TOBJ [PRIV] 
JSC-13A-01N	0.77	0.13	-0.05	2.82	0.00	0.59	3.50	2.31	0.02	-0.52	0.62	1.98	0.72	1.28	-1.26	0.00	-0.70	-0.30	4.81	1.06	-0.23	0.64	0.56	-0.89	0.01	0.29	-0.26	4.27	-0.81	-1.65	-0.62	0.00	3.67	0.90	-1.09	0.09	0.45	-0.99	0.62	-0.79	-0.21	-0.03	1.46	-0.04	1.31	-0.27	-0.11	0.25	-1.08	-0.64	-0.29	1.88	-0.69	0.33	1.00	-0.80	-1.52	2000.00	-0.41	-0.16	0.78	1.00	-0.35	0.50	0.35	-0.45	0.06		CAUS CONJ DEMO NEMD PRED THAC [SPIN] 
JSC-13A-01O	4.19	0.33	0.05	0.24	-0.63	0.23	4.94	0.52	-0.02	-0.52	1.56	1.38	-0.39	1.28	-1.84	-0.46	-0.70	-0.41	6.95	0.93	-0.12	0.45	0.41	-1.31	0.46	-0.47	0.94	7.50	-0.62	-1.66	-0.72	-1.06	7.00	0.97	0.69	2.21	-0.73	-0.32	-0.50	-0.16	-0.67	-0.06	0.84	0.85	-0.62	-0.56	0.38	-0.25	-1.65	-0.64	0.29	1.62	-0.43	0.81	-0.25	3.70	-0.40	0.00	-0.19	-0.45	0.34	0.90	0.06	-0.33	-1.05	-0.81	-0.06		AMP CONJ NEMD PRED THAC TO [SMP] 
JSC-13A-02N	1.58	-0.19	-0.38	2.29	0.12	2.23	4.25	1.69	0.02	-0.17	0.12	1.12	0.00	1.06	-1.34	-0.31	-0.60	-0.49	4.10	0.69	-0.14	-0.18	0.04	-1.48	2.03	-0.03	3.83	5.88	1.17	-1.66	-0.40	-0.06	3.50	1.24	-0.54	1.27	0.73	-0.94	0.62	-1.75	-0.84	0.17	0.69	-0.05	1.54	-0.35	0.76	-0.25	-1.27	-0.45	-0.12	1.07	-0.69	-0.57	1.00	-0.50	-0.88	3000.00	-0.63	0.48	1.27	0.20	-0.53	0.17	0.35	-0.52	-0.28		CAUS COND CONJ NEMD PIT POMD PRED THAC [SPIN] 
JSC-13A-02O	-1.04	-0.94	-0.02	-0.65	-0.63	-1.14	7.31	5.33	0.40	-0.52	6.81	1.57	2.39	0.93	-1.84	-0.46	-0.70	0.55	14.38	-0.36	-0.03	5.00	3.52	-1.30	3.10	-0.91	3.89	8.12	1.74	-0.06	-0.72	-1.06	-0.50	-1.14	-1.49	-1.50	-0.73	-1.04	-0.50	-5.16	-1.32	-1.32	1.79	-0.26	-0.62	-0.38	0.50	-0.25	-0.40	-0.64	-0.59	-1.11	-0.86	-1.43	-0.25	-0.80	0.40	0.00	-0.74	-0.94	-0.76	-0.60	-0.82	-0.33	-1.05	-0.81	2.72	TTR 	CONJ DEMO DWNT EX NEMD OSUB PHC PIT POMD PRED [WZPRES] 
JSC-13A-03N	0.73	-0.23	-0.40	3.35	0.38	0.32	3.62	0.95	-0.04	0.13	2.44	0.81	0.06	2.48	0.61	-0.31	-0.60	1.16	0.43	-0.40	-0.68	0.09	1.26	-1.68	0.75	-0.68	0.57	5.92	-0.24	-1.59	-0.52	-0.69	1.33	1.03	-0.23	4.46	0.00	-1.05	0.25	-2.47	-0.21	0.02	1.03	0.18	-0.46	-0.07	-1.05	-0.25	-0.88	-0.64	0.06	2.89	-0.54	0.41	-0.25	0.00	-1.36	2000.00	-0.44	-0.19	0.83	1.90	0.18	-0.33	-0.40	-0.68	0.06	TTR 	CAUS CONJ DWNT FPP1 PRED TO [PRIV] [SPIN] 
JSC-13A-04N	1.08	-0.27	-0.83	1.65	1.13	1.00	3.06	0.71	-0.35	-0.13	1.13	1.43	0.44	2.09	-1.42	-0.15	-0.60	0.27	0.71	-0.08	-0.47	-0.73	0.67	-2.22	-0.01	-0.71	1.66	6.50	0.98	-1.64	-0.44	-0.81	1.33	1.59	0.06	2.00	1.18	0.78	-0.50	-0.31	-0.25	0.20	1.13	0.94	-0.23	-0.23	-0.18	-0.25	-0.69	-0.64	-0.06	1.00	0.00	-0.50	-0.25	-0.40	-0.32	2000.00	-0.56	0.03	1.22	0.50	-0.29	0.00	-0.15	-0.81	-0.28	PIN 	CONJ FPP1 PRED [SPIN] 
JSC-13A-04O	2.69	0.06	-0.73	1.29	0.50	0.50	2.06	1.31	-0.02	-0.26	1.00	1.24	0.94	1.56	-1.68	-0.46	-0.55	0.23	1.14	-0.03	-0.69	0.18	1.11	-1.74	0.46	-0.47	1.97	6.35	0.10	-1.55	-0.48	-0.88	2.50	0.83	-0.29	2.25	2.00	0.54	0.25	-2.33	-0.13	0.10	0.64	0.78	0.31	-0.37	-0.48	0.50	-0.73	-0.36	0.12	1.20	0.26	-0.54	0.50	-0.80	-1.36	3000.00	-0.30	0.03	1.17	0.60	-0.29	0.17	1.20	-0.61	0.11	TTR 	AMP CONJ PRED THAC TO [SPIN] 
JSC-13A-05N	-0.23	-0.04	-0.08	2.47	0.38	0.41	3.62	0.45	-0.15	-0.26	0.12	1.57	0.00	1.07	-1.11	0.15	-0.55	-0.99	5.81	0.75	-0.44	-0.27	0.59	-1.31	1.03	0.65	0.91	7.92	-0.26	-1.80	-0.56	-0.38	5.17	0.76	-0.40	2.21	2.73	-0.33	0.25	-1.27	-0.75	0.46	1.08	0.55	0.23	-0.34	-0.29	0.50	-1.33	-0.36	0.24	0.96	-0.63	0.63	-0.25	0.00	-1.36	0.00	-0.59	1.00	0.76	0.70	-0.35	0.83	0.55	-0.55	0.33		CAUS CONJ NEMD PRED THAC TO TOBJ 
JSC-13A-05O	0.92	0.13	-0.32	3.59	-0.63	0.73	3.75	2.26	-0.31	-0.52	-0.63	0.45	0.50	1.62	-1.58	-0.46	-0.20	-1.16	5.33	0.29	-0.53	0.00	-0.52	-2.06	1.00	0.29	3.00	6.85	-0.60	-1.06	-0.49	-1.06	2.83	0.97	-0.03	2.62	1.09	-0.65	-0.50	-1.80	-0.28	0.09	2.46	-0.07	0.92	0.10	0.24	-0.25	-1.46	-0.64	0.59	1.61	0.89	0.46	2.25	-0.80	-0.56	0.00	-0.74	-0.29	0.73	0.40	1.00	1.33	1.00	-0.81	-0.33	PIN 	CAUS CONJ DEMO NEMD POMD PRED THAC TO XX0 [SERE] 
JSC-13A-06N	-0.04	0.13	-0.05	2.76	-0.38	1.23	4.31	1.12	0.13	-0.04	2.88	0.24	0.00	1.05	-1.16	0.00	-0.35	0.31	2.14	0.67	0.32	-0.09	-0.15	-1.07	1.30	-0.53	1.11	4.73	1.43	-2.09	-0.53	0.25	1.67	0.21	0.00	0.48	0.82	-1.13	0.38	0.32	-0.75	0.49	2.72	-0.02	-0.15	-0.02	-0.44	-0.25	-0.67	-0.64	-0.18	1.40	-0.54	0.04	1.25	-0.20	-1.36	0.00	-0.59	0.16	1.39	1.10	-0.41	0.00	-0.20	-0.52	-0.17	RB 	CAUS CONJ DWNT NEMD PRED XX0 
JSC-13A-06O	-1.04	-0.94	0.08	1.65	-0.63	0.64	4.13	-0.50	-0.96	-0.52	-1.25	0.36	-1.22	0.31	-0.82	-0.46	-0.70	-0.31	-1.00	0.99	1.07	2.64	3.11	-0.03	1.31	-0.91	-0.54	2.73	5.21	-2.84	-0.72	-1.06	-0.50	0.21	0.74	-0.55	-0.73	-1.16	-0.50	-2.47	-0.41	-0.44	0.54	-0.92	-0.62	-0.52	-0.86	-0.25	0.62	-0.64	1.71	0.15	0.26	-1.43	-0.25	3.10	-2.20	0.00	-0.74	-0.94	1.15	-0.60	-0.82	-0.33	-1.05	-0.81	-0.89	RB TTR [SPAU] 	CONJ OSUB PHC PRED PRMD [SMP] 
JSC-13A-07N	0.35	0.17	0.38	1.94	-0.25	2.50	2.87	-1.38	-0.21	-0.52	-0.56	2.38	-0.28	1.53	-1.26	0.15	-0.55	0.27	2.95	-0.84	1.73	0.09	1.41	-1.65	1.04	-0.82	1.66	7.23	-0.40	-1.18	-0.30	0.00	1.33	0.48	-1.49	5.54	1.00	-0.85	-0.50	-2.04	-0.88	0.43	0.61	-0.04	-0.15	-0.44	-0.65	-0.25	-1.65	-0.64	0.88	2.34	1.83	0.26	0.50	0.00	-1.44	3000.00	-0.74	-0.23	0.59	1.90	-0.35	0.67	-0.90	-0.61	-0.72	TTR 	COND CONJ EMPH NEMD PRED TO [PRIV] [SPIN] 
JSC-13A-08N	0.50	-0.25	0.15	2.71	0.75	1.45	3.06	0.26	-0.23	-0.39	-0.38	0.52	0.72	0.65	-1.34	-0.23	-0.55	-0.62	3.95	0.84	1.74	-0.36	1.04	-1.14	1.42	-0.85	0.77	5.92	0.90	-1.85	-0.52	0.06	3.00	1.90	-0.49	1.02	0.73	-0.73	0.50	-1.56	-0.77	0.31	1.20	0.07	-0.15	-0.29	0.05	-0.25	-1.02	-0.64	-0.12	2.61	-0.40	-0.19	-0.25	0.80	-1.04	0.00	-0.63	0.26	1.27	0.40	-0.82	-0.33	-0.25	-0.71	0.00		CAUS CONJ NEMD PRED THAC [PRIV] 
JSC-13A-08O	-1.04	1.15	0.60	-0.65	-0.63	-1.14	5.50	-1.17	-0.96	1.65	-1.25	-0.31	1.56	0.11	-1.84	-0.46	-0.70	-0.04	13.29	1.53	3.13	-0.91	-1.26	-0.81	-0.75	-0.91	-1.66	2.04	5.81	-2.87	-0.72	-1.06	7.83	2.31	-1.49	0.91	-0.73	-1.11	-0.50	-4.30	-1.32	-0.37	-1.39	-1.93	-0.62	-0.46	0.06	-0.25	-0.69	-0.64	-0.59	2.60	0.57	0.43	-0.25	-0.80	-2.20	0.00	-0.74	-0.94	1.68	4.40	-0.82	-0.33	1.45	-0.81	-0.89	RB TTR [SPAU] 	CONJ NEMD NOMZ PRED PRMD THAC THVC [PRIV] [WHCL] 
JSC-13A-09N	-0.46	-0.25	-0.42	3.71	1.88	0.77	3.38	0.57	0.00	-0.35	-0.19	0.69	0.22	1.10	-1.74	-0.15	-0.50	-0.84	3.48	-0.00	1.26	-0.09	-0.37	-1.48	0.86	-0.41	2.29	3.92	0.07	-2.30	-0.41	-0.63	2.83	0.97	-1.23	0.46	0.82	0.80	1.13	-1.37	-0.43	0.39	2.11	0.68	1.54	-0.17	-0.09	-0.25	-1.10	-0.45	0.41	1.55	-0.06	0.44	3.00	-0.40	-1.76	0.00	-0.67	1.90	1.98	2.20	-0.59	0.33	0.35	-0.58	-0.67	RB 	CAUS CONJ NEMD POMD PRED THAC XX0 [SERE] [WHCL] 
JSC-13A-09O	-1.04	-0.94	-0.40	8.35	-0.63	-1.14	-0.75	4.90	-0.96	-0.52	-1.25	-1.50	3.00	0.42	-1.84	-0.46	-0.70	-1.61	6.29	0.51	1.80	-0.91	-1.26	-1.04	-0.38	-0.91	-1.66	7.00	0.48	-2.43	-0.72	-1.06	-0.50	-1.14	-1.49	-2.66	-0.73	3.42	-0.50	-5.64	0.44	0.18	2.36	0.23	-0.62	0.10	0.86	-0.25	-1.65	-0.64	-0.59	0.47	-0.86	-0.02	-0.25	-0.80	-2.20	0.00	-0.74	-0.94	1.10	-0.60	3.65	12.33	2.75	-0.81	-0.89	RB TO TTR [SPAU] 	CAUS DEMO EX NEMD PRED TPP3 XX0 [WHOBJ] [WHQU] [WHSUB] 
JSC-13B-01N	1.62	-0.06	0.05	3.06	0.75	-0.18	2.87	3.62	0.58	-0.30	1.37	1.38	0.72	1.02	-1.47	-0.08	-0.25	-0.11	5.95	0.25	-0.01	0.09	1.30	-1.26	0.38	-0.29	1.34	4.08	-0.33	-1.70	-0.30	0.12	3.33	0.93	-0.74	2.95	0.36	-0.60	0.13	0.03	-0.53	0.07	1.28	-0.12	0.23	-0.30	0.14	-0.25	-0.81	-0.64	-0.06	1.31	-0.11	-0.26	0.25	-0.40	-0.60	0.00	-0.15	0.94	0.73	-0.20	-0.59	0.00	0.20	-0.74	0.56		CAUS CONJ DEMO NEMD PRED THAC TO 
JSC-13B-01O	2.27	-0.33	-0.87	2.76	3.00	5.41	-0.75	5.19	-0.96	-0.52	2.37	4.67	0.39	1.16	-1.84	-0.46	-0.70	-1.39	3.10	0.51	-0.78	1.73	0.89	-0.49	1.80	-0.06	0.00	3.73	-0.64	-1.11	-0.72	2.56	-0.50	-1.14	-0.66	2.48	-0.73	-0.56	-0.50	-1.46	-0.65	0.17	1.92	-0.25	-0.62	-0.11	-0.15	-0.25	-1.10	-0.64	-0.59	2.42	-0.86	-0.89	7.00	-0.80	-1.04	0.00	-0.74	0.94	1.34	8.00	-0.82	-0.33	3.25	2.90	-0.89		AMP CAUS CONC COND DEMO DWNT EMPH NEMD PRED SYNE TO [PRIV] [SERE] [WHCL] [WHSUB] [WZPAST] 
JSC-13B-02N	0.19	-0.27	-0.30	2.24	-0.13	-0.23	3.81	1.12	0.15	-0.52	1.00	1.19	0.33	0.74	-1.63	0.77	-0.50	-0.32	6.90	1.46	0.44	0.18	0.85	-1.29	0.66	-0.44	-0.14	4.12	-0.26	-2.46	-0.66	-0.56	2.17	1.66	-0.80	1.96	2.55	-0.90	-0.50	-0.02	-0.81	0.13	0.52	-0.29	1.54	-0.42	0.20	2.75	-1.19	-0.64	-0.35	2.24	-0.40	-0.83	0.75	-0.80	-0.60	0.00	-0.44	-0.42	0.73	0.60	-0.59	-0.33	0.95	-0.81	0.67	RB 	CAUS CONJ NEMD PRED THAC TOBJ [PASTP] [PRIV] 
JSC-13B-03N	1.04	-0.23	-0.28	3.18	0.25	1.64	2.63	0.76	0.35	-0.39	0.00	1.26	0.28	1.08	-1.39	-0.08	-0.35	-0.39	5.00	0.64	-0.61	0.00	0.52	-1.54	1.59	-0.56	1.94	6.38	0.50	-1.91	-0.33	0.44	3.50	0.28	-0.66	2.41	-0.09	-0.85	1.63	-0.84	-0.94	0.59	1.93	0.36	0.92	-0.03	0.64	-0.25	-0.83	-0.36	0.12	1.38	-0.57	0.22	0.25	-0.60	-1.12	3000.00	-0.41	1.48	1.20	0.40	-0.71	0.17	-0.20	-0.35	-0.11		CAUS CONJ NEMD PRED THAC TO [SPIN] 
JSC-13B-03O	-1.04	-0.94	-0.32	9.18	-0.63	-1.14	9.69	-2.36	-0.96	-0.52	-1.25	2.48	-1.22	0.87	-1.84	-0.46	-0.70	2.09	14.86	-0.39	-1.38	14.27	-1.26	-3.04	0.90	-0.91	-1.66	4.62	-1.33	-1.84	-0.72	-1.06	-0.50	-1.14	-1.49	0.32	-0.73	0.89	-0.50	-7.47	-0.77	0.16	1.34	0.53	-0.62	0.17	-1.45	-0.25	-1.65	-0.64	-0.59	1.47	3.91	-1.43	-0.25	-0.80	-2.20	0.00	-0.74	-0.94	-0.76	-0.60	-0.82	-0.33	-1.05	-0.81	-0.89	DEMO PIN TTR [SPAU] 	CAUS CONJ EMPH JJ NEMD OSUB PRED [PROD] 
JSC-13B-04N	-0.15	-0.23	0.00	2.88	1.13	1.32	2.63	1.36	0.71	-0.26	-0.19	1.00	-0.44	1.31	-1.32	-0.46	-0.55	-0.11	5.24	0.29	0.46	-0.64	1.48	-1.08	1.31	-0.41	1.34	4.77	-0.67	-1.91	-0.16	-0.38	2.83	0.72	-0.34	1.41	0.55	-0.79	1.25	-3.00	-0.78	0.45	1.49	0.25	0.46	-0.40	0.35	-0.25	-0.77	-0.64	0.06	1.17	0.37	0.52	-0.25	-0.20	-0.48	3000.00	-0.33	1.45	1.61	-0.30	-0.82	0.67	-0.50	-0.71	-0.28	TTR 	CAUS CONJ NEMD PRED THAC [SPIN] 
JSC-13B-05N	1.42	0.08	-1.03	2.88	0.38	0.41	2.63	1.67	0.29	-0.09	-0.13	2.17	-0.56	3.13	-0.29	0.15	-0.70	-1.15	1.95	-0.44	-0.67	1.18	0.78	-1.50	0.58	0.03	0.83	6.77	0.07	-1.61	-0.23	-1.06	2.50	1.59	0.91	3.21	0.00	-1.22	-0.25	-1.32	-0.30	0.33	1.97	-0.14	-0.08	0.04	-0.14	-0.25	-0.65	-0.64	-0.29	2.27	-0.71	-0.50	-0.25	-0.50	-1.04	0.00	-0.07	0.81	2.02	0.10	-0.82	-0.33	-0.80	-0.74	-0.33		CAUS CONJ EMPH FPP1 PRED THAC TO [PRIV] [THATD] 
JSC-13B-05O	2.62	-0.54	-0.85	1.59	1.75	-0.27	1.63	1.26	-0.17	-0.52	1.13	0.31	-0.17	2.81	-0.34	1.00	-0.70	-1.41	0.81	-0.11	-1.12	0.82	2.26	-1.29	0.96	-0.35	0.51	6.96	-0.43	-1.14	-0.44	0.12	2.67	2.14	1.23	3.45	1.00	-1.33	-0.50	-0.50	-0.38	0.67	1.41	-0.58	-0.62	-0.11	-0.88	-0.25	0.54	-0.64	-0.59	2.28	-0.31	-1.43	-0.25	1.10	-1.44	0.00	-0.04	-0.94	1.56	-0.60	1.41	-0.33	0.85	-0.81	-0.89		AMP FPP1 PHC PRED THAC THVC TO [PRIV] 
JSC-13B-06N	0.38	0.21	-0.10	3.47	0.75	0.05	3.19	0.62	-0.19	-0.35	0.38	1.67	0.39	1.26	-1.37	0.08	-0.35	-0.19	5.67	0.60	0.69	1.09	-0.04	-1.40	0.46	-0.06	0.77	4.58	-0.02	-1.69	-0.42	0.56	0.67	0.76	-0.11	0.57	0.91	-0.21	0.88	-0.64	-0.52	0.27	1.51	-0.11	-0.31	-0.19	-0.62	-0.25	-0.94	-0.27	0.71	1.82	0.09	0.83	0.75	-0.10	-1.16	0.00	-0.48	1.55	1.49	0.90	-0.59	-0.33	-0.70	-0.58	-0.67		CAUS CONJ NEMD PRED 
JSC-13B-07N	0.77	-0.19	-0.02	3.35	0.75	1.14	3.88	4.33	0.54	-0.43	-0.19	0.48	0.11	1.43	-1.39	-0.08	-0.55	-0.43	4.57	0.08	1.57	0.18	0.74	-1.32	0.79	-0.47	2.26	6.27	0.45	-2.18	-0.24	-0.50	2.83	0.52	-0.37	1.50	0.36	-1.04	0.62	-1.51	-0.94	0.40	2.38	0.08	0.46	-0.06	0.68	-0.25	-1.21	-0.45	0.41	1.67	-0.63	1.13	-0.25	-0.60	-1.48	0.00	-0.56	2.81	1.29	1.50	-0.35	0.50	-0.30	-0.55	-0.28	RB 	CAUS CONJ DEMO NEMD POMD PRED THAC XX0 [SUAV] 
JSC-13B-07O	1.65	-0.10	0.38	2.29	1.88	1.14	4.88	1.90	0.08	-0.52	0.00	0.17	-0.11	0.52	-1.58	-0.46	-0.70	-0.43	8.95	0.07	2.21	0.00	0.22	-0.82	2.20	-0.62	0.06	7.00	0.81	-2.14	-0.57	0.19	2.83	0.24	-0.63	2.68	0.18	-0.53	0.75	1.09	-0.83	-0.06	1.70	0.17	0.15	-0.46	0.65	-0.25	-1.46	-0.64	0.59	0.18	-0.86	0.43	4.75	-0.80	-1.80	0.00	-0.74	0.35	-0.02	-0.60	-0.24	-0.33	-0.55	-0.48	-0.33	RB 	CAUS CONJ NEMD NOMZ PIT PRED THAC TO [SERE] 
JSC-13B-08N	0.96	0.15	0.65	6.47	1.50	-0.36	3.56	2.57	1.19	0.22	-0.19	0.95	-1.22	0.94	-1.84	-0.46	-0.70	0.81	2.29	1.71	-0.54	-0.91	6.41	-1.57	1.70	0.62	0.80	7.46	-0.93	-2.16	-0.72	-1.06	2.33	-0.55	-0.51	0.73	-0.73	-1.18	-0.50	-0.12	-0.87	0.50	0.30	0.65	-0.62	-0.08	-0.67	-0.25	-1.33	-0.64	0.41	0.76	-0.37	1.44	-0.25	-0.80	-0.84	0.00	-0.11	0.16	1.34	-0.60	-0.82	-0.33	-1.05	-0.26	0.06	RB 	CAUS CONJ DEMO NEMD PHC PRED THAC 
JSC-13B-09N	2.50	0.29	0.00	3.53	0.50	-0.36	2.44	1.69	0.27	0.13	0.62	2.12	0.06	1.66	-1.29	-0.23	-0.70	1.34	2.38	1.03	-0.48	-0.09	1.30	-1.44	1.41	-0.24	-0.11	9.85	0.02	-2.14	-0.07	-0.75	2.00	0.48	-0.46	1.30	0.64	-1.07	0.62	-0.26	-0.73	0.60	0.03	1.03	0.23	-0.21	-0.23	0.25	-0.98	-0.45	-0.12	1.46	-0.77	0.30	-0.25	-0.60	-1.16	0.00	-0.33	1.39	1.15	-0.30	-0.65	0.00	-0.50	-0.55	-0.06	RB 	AMP CAUS CONJ EMPH NEMD PRED 
JSC-13B-09O	0.81	-0.73	-0.12	1.59	3.00	-0.68	6.44	0.62	-0.17	0.30	-0.06	-0.36	-0.17	1.94	-1.58	-0.46	-0.70	1.37	0.81	1.47	-0.51	-0.91	1.59	-1.47	1.93	-0.06	0.26	10.38	-0.88	-2.36	-0.64	-1.06	5.83	-0.14	-1.49	2.48	0.18	-1.20	-0.50	-1.22	-0.59	0.68	0.03	1.27	-0.62	-0.26	0.15	-0.25	-1.10	-0.64	-0.59	2.34	-0.86	-0.35	-0.25	0.20	-1.04	0.00	-0.37	0.00	2.54	1.30	-0.24	-0.33	1.35	-0.81	-0.33	RB 	CONC CONJ PRED THAC TO [PRIV] [THATD] 
JSC-13B-10N	1.96	0.23	-0.58	2.53	0.00	-0.14	2.31	0.43	-0.19	0.35	0.12	1.05	0.11	1.82	-1.39	-0.31	-0.45	-0.35	2.62	-0.19	0.42	-0.45	1.19	-1.53	-0.55	-0.56	0.23	3.15	-0.29	-1.92	-0.31	-0.63	3.50	0.72	-0.23	1.36	0.82	1.66	0.38	0.08	0.59	-0.25	0.93	0.03	0.54	-0.33	-0.05	-0.25	-0.25	-0.64	-0.47	2.08	-0.09	-0.11	0.25	-0.60	0.16	0.00	-0.56	1.19	1.39	1.10	-0.53	-0.33	0.30	-0.74	-0.89		CAUS CONJ NEMD PRED THAC [PRIV] 
JSC-13B-10O	2.65	0.06	0.05	1.06	0.63	-0.68	1.06	0.62	-0.35	-0.52	1.19	1.02	0.39	1.14	-0.82	-0.46	-0.20	0.15	4.05	0.43	0.36	0.82	1.59	-1.50	-0.63	-0.62	-0.83	3.77	1.19	-1.81	-0.58	-1.06	4.33	0.21	-1.49	1.13	0.18	1.07	-0.50	-1.51	0.59	-0.27	0.03	0.06	0.15	-0.52	0.88	-0.25	-1.29	-0.64	-0.59	1.42	-0.57	-1.07	-0.25	0.20	-0.28	0.00	-0.37	0.61	2.07	-0.60	-0.82	-0.33	1.35	-0.81	0.17		AMP NEMD PRED THAC [THATD] 
JSC-13B-11N	1.31	-0.21	-0.08	4.29	-0.25	1.36	2.06	3.33	0.13	-0.09	-0.63	0.57	1.11	1.02	-1.76	-0.23	-0.20	-0.19	1.48	1.17	1.03	-0.91	0.78	-1.44	-0.08	0.71	1.66	4.15	0.81	-2.02	-0.28	-0.06	1.67	0.66	-0.94	0.63	1.64	-0.24	-0.50	-0.55	-0.34	0.21	2.36	-0.09	1.62	0.01	0.21	0.50	-1.15	-0.64	0.00	1.90	0.06	-0.22	-0.25	-0.50	-0.64	0.00	-0.52	0.52	0.34	3.30	-0.65	-0.33	0.25	-0.71	-0.72	RB 	CAUS CONJ DEMO PRED XX0 [WHCL] 
JSC-14A-01N	1.00	-0.10	-0.28	1.29	0.25	2.86	3.25	2.64	0.48	-0.35	0.25	1.50	0.83	1.06	-1.26	-0.15	-0.05	-1.01	5.10	0.14	0.15	0.45	1.04	-1.36	0.32	-0.06	0.74	3.46	0.45	-1.76	-0.41	-0.25	4.33	1.00	-0.09	0.64	1.64	-0.03	-0.25	-0.98	0.09	-0.28	1.10	-0.24	0.23	-0.37	0.21	-0.25	0.50	-0.45	-0.18	1.81	-0.11	-0.72	-0.25	-0.80	-0.72	0.00	-0.59	0.19	0.85	1.40	-0.29	0.33	1.70	-0.58	0.00		COND CONJ DEMO NEMD PRED THAC 
JSC-14A-01O	1.50	-0.10	-0.05	0.12	-0.63	3.09	1.75	4.26	0.15	-0.52	0.38	2.29	-0.50	1.60	-1.84	-0.46	-0.70	-0.76	9.71	0.51	0.27	-0.91	-0.30	-2.06	0.23	0.65	0.60	0.73	-0.38	-1.47	-0.72	-0.25	-0.50	2.07	0.40	1.13	-0.73	-0.33	-0.50	-0.21	0.08	0.13	0.13	-1.17	0.38	-0.51	0.76	-0.25	-0.63	-0.64	-0.59	2.98	-0.49	-0.20	-0.25	-0.80	-0.60	0.00	-0.26	0.35	1.83	3.40	0.71	-0.33	0.95	0.03	-0.17	PIN 	COND DEMO EMPH NEMD THVC [PRIV] [WHCL] 
JSC-14A-02N	0.50	0.02	0.18	1.94	0.38	0.41	4.63	1.60	0.58	-0.52	-0.06	0.81	0.89	1.61	-0.74	-0.15	-0.70	-0.12	6.62	0.67	-0.60	0.27	3.33	-1.35	0.89	0.26	0.51	7.12	-0.38	-1.70	-0.15	0.00	4.00	0.76	-1.37	0.98	0.45	-0.68	0.25	-1.03	-0.82	0.57	1.69	0.17	0.00	-0.33	0.02	0.25	-1.17	-0.45	-0.12	2.28	-0.14	-0.41	0.25	-0.20	-1.36	0.00	-0.74	0.16	1.56	0.00	-0.47	0.33	0.65	-0.68	-0.67		CONJ NEMD PHC PRED THAC [PRIV] 
JSC-14A-02O	-1.04	-0.94	0.00	-0.65	-0.63	-1.14	-0.75	-2.36	-0.96	-0.52	-1.25	4.05	-1.22	2.52	-1.84	-0.46	-0.70	-0.34	10.10	0.81	0.77	-0.91	1.63	-0.69	-1.45	-0.91	-1.66	-1.81	0.52	-0.20	-0.72	-1.06	-0.50	4.21	-1.49	0.11	-0.73	-1.33	9.25	-6.27	-1.32	1.13	-0.11	-2.98	-0.62	-0.31	2.08	-0.25	-1.65	-0.64	-0.59	2.00	1.37	0.02	-0.25	-0.80	-2.20	0.00	-0.74	1.58	-0.76	-0.60	3.76	-0.33	-1.05	-0.81	-0.89	DEMO TTR [BEMA] [SPAU] 	EMPH FPP1 NEMD THVC TSUB [PASS] [WHOBJ] 
JSC-14A-03N	1.50	-0.42	-0.10	3.24	1.50	0.45	4.69	0.93	0.17	-0.43	-0.50	0.21	0.06	1.52	-1.18	-0.31	-0.50	-0.34	10.00	-0.02	0.67	0.00	0.33	-1.51	0.90	-0.68	0.40	6.08	-0.60	-1.94	-0.34	0.75	6.00	1.52	-1.06	0.52	0.00	-0.39	0.50	-0.84	-0.58	0.48	1.31	0.37	0.31	-0.28	1.58	-0.25	-1.10	-0.64	0.12	1.63	-0.46	0.22	0.25	-0.60	-1.52	0.00	-0.52	1.55	1.93	0.80	-0.35	0.00	0.10	-0.48	0.06		CAUS CONJ NEMD PRED THAC 
JSC-14A-03O	-1.04	3.31	-0.95	11.35	-0.63	-1.14	-0.75	7.36	-0.96	-0.52	11.50	-1.50	-1.22	2.87	-1.84	-0.46	-0.70	-1.06	-1.00	0.66	-1.38	-0.91	-1.26	-2.74	-1.45	-0.91	-1.66	13.88	-1.33	-0.25	-0.72	-1.06	-0.50	5.90	-1.49	0.98	-0.73	0.48	-0.50	-7.90	-1.32	1.30	8.64	1.32	-0.62	0.37	1.64	-0.25	-1.65	-0.64	-0.59	4.15	-0.86	-1.43	-0.25	-0.80	-2.20	0.00	-0.74	-0.94	-0.76	-0.60	-0.82	-0.33	-1.05	-0.81	-0.89	PIN TTR [SPAU] 	ANDC CAUS DEMO DWNT FPP1 PRED THVC XX0 [PRIV] 
JSC-14A-04N	0.23	-0.38	-0.05	4.29	-0.25	0.73	4.50	0.43	-0.23	-0.39	2.31	1.29	0.44	2.11	0.45	-0.46	-0.70	2.35	0.57	-0.27	-0.46	-0.45	1.04	-2.12	0.85	-0.68	0.60	4.65	0.14	-1.80	-0.28	-0.75	0.33	0.34	-0.09	3.87	0.00	-1.14	-0.13	-2.23	-0.72	0.33	0.38	-0.06	-0.38	-0.44	-0.76	-0.25	-0.10	-0.64	-0.12	1.79	-0.46	-0.13	0.50	-0.30	-1.24	3000.00	-0.22	-0.42	0.76	1.00	0.00	-0.33	-0.25	-0.65	-0.44	PIN TTR 	CAUS CONJ DWNT FPP1 JJ PRED TO [SPIN] 
JSC-14A-05N	0.46	0.17	0.02	1.65	0.00	0.14	3.75	-0.10	-0.29	-0.43	0.31	0.48	0.83	1.10	-1.05	-0.46	-0.45	-0.28	7.48	0.53	0.59	-0.09	0.63	-1.40	1.06	-0.76	0.51	5.38	-0.45	-1.76	-0.50	-0.63	3.00	1.41	-0.17	1.75	0.55	-0.84	0.13	-1.37	-0.68	0.34	1.84	-0.20	-0.23	-0.38	0.05	-0.25	-1.31	-0.18	0.12	2.32	-0.51	-0.02	1.00	-0.30	-1.00	2000.00	-0.56	0.10	0.83	2.60	-0.29	0.00	1.85	-0.58	-0.39		CONJ NEMD PRED THAC [PRIV] [SPIN] [WHCL] 
JSC-14A-06N	0.69	-0.27	0.12	1.76	2.25	1.36	5.88	0.64	0.58	-0.26	-0.69	1.19	1.28	1.41	-1.29	-0.15	-0.50	-0.73	6.00	-0.03	0.65	-0.36	0.78	-1.05	1.15	-0.65	1.69	7.54	-0.48	-1.93	-0.51	-0.25	3.67	0.41	-0.46	3.43	1.18	-0.97	0.25	-1.32	-1.11	0.38	0.90	0.59	-0.15	-0.37	0.68	-0.25	-1.21	-0.64	-0.06	1.53	-0.54	-0.56	0.25	0.10	-1.60	0.00	-0.52	-0.10	0.76	1.70	-0.35	-0.33	0.85	-0.55	0.17		CONC CONJ NEMD PRED THAC TO 
JSC-14A-06O	4.08	-0.58	0.38	3.24	1.50	1.86	5.50	1.60	0.77	0.22	-0.19	0.88	0.61	1.31	-1.84	-0.46	-0.70	-0.31	3.76	-0.12	0.58	-0.91	-0.63	-1.21	0.89	-0.41	2.14	7.15	-0.93	-2.50	0.01	0.00	-0.50	0.59	0.40	3.27	2.27	-0.29	-0.50	-0.64	-1.26	0.50	0.51	0.17	0.69	-0.19	1.56	-0.25	-1.65	-0.64	0.41	2.11	-0.86	-0.50	-0.25	-0.80	-1.52	0.00	0.48	0.13	0.85	-0.60	-0.82	-0.33	-1.05	-0.81	-0.89	RB 	AMP CAUS CONJ NEMD POMD PRED TO TOBJ [PRIV] 
JSC-14A-07N	1.27	-0.06	0.10	1.24	1.38	-0.05	3.25	3.64	0.17	-0.43	0.25	0.90	2.44	1.44	-1.26	-0.46	-0.50	-0.16	7.90	0.70	0.41	0.55	0.89	-1.75	0.00	-0.26	0.71	3.00	-0.14	-2.03	-0.51	-0.06	1.83	2.28	-0.80	0.96	1.45	-0.71	2.00	-0.12	-0.55	0.16	1.28	-0.84	0.15	-0.27	1.05	-0.25	-1.08	-0.64	0.12	1.58	-0.74	-0.80	1.75	-0.40	-1.24	0.00	-0.67	0.35	0.41	0.20	0.00	0.67	1.25	-0.55	0.44	RB 	CONJ DEMO EX NEMD PRED THVC 
JSC-14A-07O	1.73	-0.04	-0.15	1.06	-0.63	-0.50	2.87	4.19	-0.67	-0.52	-0.38	0.57	2.78	2.01	-1.08	-0.46	-0.70	-0.84	7.95	0.43	0.33	-0.91	1.41	-1.56	0.38	-0.06	0.40	3.77	-0.64	-1.84	-0.41	-1.06	-0.50	1.34	-0.26	0.45	3.18	-0.49	1.25	-1.08	-0.46	0.48	1.69	-1.15	-0.62	0.44	1.39	-0.25	-1.10	-0.64	-0.59	2.17	-0.46	-0.89	-0.25	-0.80	-1.64	0.00	-0.74	0.00	1.37	2.30	1.71	4.50	-0.35	-0.81	-0.89		CONJ DEMO EX FPP1 NEMD PRED TOBJ [PRIV] [WHCL] [WHQU] 
JSC-14A-08N	1.12	-0.02	0.10	2.41	0.12	1.05	3.44	3.74	0.44	-0.43	0.81	0.33	-0.28	0.70	-0.58	-0.31	-0.20	-1.06	7.10	0.45	0.32	-0.18	0.96	-1.28	0.63	-0.06	-0.23	4.81	-0.93	-1.85	-0.54	0.00	5.00	1.17	-0.54	0.46	2.64	-0.08	1.13	-0.93	0.30	-0.33	0.92	-0.26	0.38	-0.45	1.06	-0.25	0.02	-0.64	0.76	1.45	-0.43	-0.46	0.25	-0.60	-1.12	0.00	-0.67	0.06	0.85	1.30	-0.24	1.00	0.60	-0.48	-0.56		CAUS CONJ DEMO NEMD PRED THAC TOBJ 
JSC-14A-09N	0.85	0.00	0.10	4.41	0.12	1.00	5.50	1.79	0.54	-0.52	-0.63	0.69	3.78	1.31	-0.24	0.15	-0.70	-0.14	5.05	0.18	-0.33	0.00	1.11	-1.42	0.66	-0.56	1.31	5.69	-0.26	-1.92	-0.70	-0.81	2.17	1.41	-0.49	1.21	0.91	-0.55	0.25	-1.32	-0.63	0.43	1.87	0.04	0.00	-0.31	0.91	-0.25	-0.75	-0.27	-0.35	2.15	-0.14	-0.85	1.25	0.20	-1.28	0.00	-0.59	0.00	0.90	1.00	-0.35	0.00	1.20	-0.68	0.11		CAUS CONJ EX NEMD PRED THAC [PRIV] 
JSC-14A-10N	0.15	-0.15	0.40	3.12	1.38	1.77	5.69	-0.62	0.23	-0.52	-0.56	0.71	1.50	1.03	-1.21	-0.31	-0.70	-0.19	10.00	0.21	1.43	-0.45	0.15	-1.47	1.41	-0.71	0.86	4.12	-0.07	-2.16	-0.38	-0.25	3.83	1.59	-0.71	0.57	1.64	-0.79	1.37	-1.65	-0.95	0.53	1.79	-0.08	0.54	-0.23	1.52	-0.25	-0.94	-0.64	0.06	1.25	-0.60	0.04	0.25	-0.10	-1.40	0.00	-0.56	1.00	0.95	0.90	-0.53	0.33	0.80	-0.68	-0.17	RB 	CAUS CONJ NEMD PRED THAC 
JSC-14A-11N	1.23	0.08	0.00	2.47	0.12	1.55	6.19	0.57	0.10	-0.52	-0.50	1.10	0.89	1.50	-1.58	-0.31	-0.70	-0.79	4.67	-0.38	0.70	-0.36	1.07	-1.32	1.55	-0.56	2.80	7.77	-0.33	-2.04	-0.44	-0.44	3.83	0.69	-0.14	3.91	1.64	-1.07	0.50	-0.98	-1.04	0.43	0.97	0.71	0.15	-0.37	1.58	0.25	-1.27	-0.45	-0.24	2.30	-0.63	-0.19	0.25	-0.60	-0.76	0.00	-0.22	-0.29	0.98	2.40	-0.59	-0.33	0.25	-0.68	-0.78	RB 	CAUS CONJ NEMD POMD PRED THAC TO [PRIV] [WHCL] 
JSC-14A-12N	1.19	-0.02	0.18	1.53	-0.13	-0.45	4.69	3.12	-0.10	-0.35	-0.19	0.71	1.78	1.51	0.18	-0.31	-0.50	0.26	7.00	-0.22	1.03	-0.18	1.81	-1.35	0.42	-0.35	0.34	4.42	-0.79	-1.93	-0.63	0.25	2.33	1.07	-1.00	2.79	0.64	-0.91	0.25	-0.02	-0.69	0.16	0.79	-0.54	0.54	-0.44	0.80	0.25	-1.06	-0.64	0.12	1.22	-0.57	-0.74	-0.25	-0.60	-0.88	0.00	-0.44	0.19	0.66	1.10	-0.71	0.67	1.45	-0.42	-0.67		CONJ DEMO NEMD PRED THAC TO 
JSC-14A-13N	1.23	0.08	-0.02	1.12	0.75	0.23	4.81	2.69	-0.33	-0.43	1.50	0.88	0.67	0.93	-0.74	0.00	-0.70	-0.77	8.10	0.71	0.98	-0.09	1.26	-1.33	0.20	-0.53	1.09	4.54	-0.52	-1.65	-0.50	-0.50	3.83	0.97	-0.63	1.02	2.18	-0.24	0.25	0.17	-0.45	0.07	1.89	-0.33	0.38	-0.22	0.26	-0.25	-0.81	-0.45	-0.06	1.38	0.23	0.43	0.25	-0.40	-0.76	4000.00	-0.44	0.52	0.54	1.10	0.18	0.67	0.55	-0.68	-0.28		CONJ DEMO NEMD PRED THAC TOBJ [SPIN] 
JSC-14A-13O	-1.04	1.63	0.48	-0.65	-0.63	-1.14	6.94	4.95	-0.96	-0.52	-1.25	-1.50	5.61	1.07	-1.84	-0.46	-0.70	-1.93	1.90	0.10	3.31	-0.91	1.00	-2.66	0.28	-0.91	3.60	7.62	-1.33	-0.24	-0.28	-1.06	-0.50	-1.14	0.26	2.82	-0.73	0.58	-0.50	-4.83	0.70	0.24	2.62	-0.40	-0.62	-0.06	1.33	-0.25	-1.65	-0.64	-0.59	4.16	-0.86	-1.43	-0.25	-0.80	0.24	0.00	-0.74	-0.94	0.73	5.50	-0.82	-0.33	5.10	-0.81	-0.89	PIN TTR 	CONJ DEMO EX NOMZ POMD PRED TO XX0 [PRIV] [WHCL] [WHSUB] 
JSC-14B-01N	1.19	-0.33	0.95	7.88	-0.63	8.09	4.69	0.40	0.85	-0.52	0.56	-0.12	0.39	0.52	-1.08	-0.46	-0.70	1.10	1.76	1.30	0.24	-0.91	7.37	-1.26	2.24	0.79	1.66	11.62	2.12	-1.74	-0.72	2.56	-0.50	-1.14	-0.66	-2.14	4.55	-0.16	-0.50	-3.10	-0.65	0.36	2.90	1.31	-0.62	0.21	-0.14	-0.25	-1.10	-0.64	-0.59	1.35	-0.03	-0.89	-0.25	-0.80	-2.20	0.00	-0.74	-0.94	2.78	-0.60	-0.82	-0.33	-1.05	-0.81	-0.89	TO TTR [SPAU] 	CAUS COND CONJ PHC PIT PRED PRMD SYNE TOBJ XX0 [THATD] 
JSC-14B-02N	1.35	0.00	-0.32	-0.06	1.13	-0.36	2.69	1.17	0.54	-0.52	0.94	1.55	1.67	1.39	-1.66	0.85	-0.35	-0.42	4.90	0.67	0.32	1.00	0.41	-1.17	-0.44	0.41	0.51	1.92	0.24	-1.49	-0.49	-0.19	4.17	1.24	-0.31	1.04	1.82	-0.92	-0.50	-0.16	-0.37	0.07	1.61	-1.16	0.15	-0.30	0.27	-0.25	-0.38	-0.64	-0.41	1.95	-0.46	-0.46	0.50	0.20	-0.56	0.00	-0.48	0.19	1.17	1.10	-0.41	0.17	1.35	-0.03	0.06		CONJ NEMD THAC 
JSC-14B-03N	1.08	-0.38	-0.22	2.47	1.50	1.23	4.38	1.76	0.35	-0.43	-0.44	0.45	1.67	1.01	-1.39	-0.31	-0.60	-0.64	4.38	0.50	-0.22	0.27	0.41	-1.47	1.23	-0.38	2.00	5.73	0.10	-1.94	-0.23	-0.63	5.00	1.21	-0.91	1.46	0.18	-0.46	0.50	-0.55	-0.50	0.49	1.66	-0.07	-0.08	-0.28	0.79	-0.25	-1.04	-0.64	0.29	2.22	-0.71	0.33	-0.25	-0.30	-1.48	0.00	-0.63	1.16	0.90	0.70	-0.41	-0.33	1.20	-0.74	-0.33		CAUS CONJ NEMD PRED THAC [PRIV] 
JSC-14B-03O	1.85	0.63	-0.12	1.53	4.00	-1.14	1.56	1.19	1.38	-0.52	-1.25	2.95	11.22	0.82	-1.84	-0.46	-0.70	-0.45	0.76	-0.14	1.47	-0.91	0.11	-1.85	1.70	-0.91	-0.60	3.92	-0.45	-3.09	0.09	-1.06	12.00	-1.14	-1.49	2.00	2.64	0.16	-0.50	-3.10	-0.46	1.11	1.05	-1.41	-0.62	-0.12	0.24	-0.25	-1.65	-0.64	-0.59	2.21	-0.86	-0.74	-0.25	-0.80	-0.72	0.00	-0.74	2.68	1.98	-0.60	-0.82	-0.33	2.70	-0.81	3.28	RB TTR 	CONC EMPH EX PRED THAC TOBJ [PRIV] [SUAV] [WHSUB] [WZPRES] 
JSC-14B-04N	1.04	-0.33	0.38	1.29	4.00	1.32	2.63	1.10	0.08	-0.35	0.06	2.05	1.28	0.87	-1.53	-0.46	-0.70	0.22	6.86	0.25	1.08	-0.91	1.33	-1.34	0.93	-0.56	0.94	8.35	0.24	-1.71	-0.39	-0.31	5.67	2.00	-0.66	-0.37	0.36	0.25	0.50	-0.07	-0.53	0.41	1.05	0.24	0.31	-0.39	0.23	-0.25	-0.54	-0.64	-0.35	1.21	-0.51	-0.13	-0.25	1.30	-1.04	0.00	-0.59	0.52	0.85	0.20	-0.59	-0.33	0.00	-0.81	0.28		CONC CONJ EMPH NEMD PRED THAC 
JSC-14B-05N	-1.04	0.44	1.43	3.24	-0.63	0.36	5.50	0.02	-0.27	-0.52	-1.25	1.67	2.44	-0.02	-0.97	-0.46	-0.70	2.43	2.14	2.67	1.39	2.09	2.44	-1.08	-1.45	-0.91	1.20	0.73	-0.55	-2.60	-0.72	-1.06	-0.50	-1.14	-0.54	0.30	-0.73	-0.59	-0.50	-2.52	-1.21	0.06	1.87	0.52	-0.62	-0.73	-0.95	-0.25	-0.38	-0.64	-0.59	0.18	-0.86	-0.81	-0.25	2.50	0.44	0.00	-0.74	-0.94	0.85	-0.60	-0.82	-0.33	-1.05	-0.81	0.94	RB TTR 	CAUS CONJ EX JJ NEMD NN OSUB PHC [SMP] 
JSC-14B-06N	0.85	-0.58	-0.75	3.41	0.63	2.00	4.38	2.88	0.40	-0.39	0.75	0.76	1.00	1.46	-0.97	0.00	-0.65	-0.44	3.48	0.27	-0.56	-0.55	0.48	-1.41	1.32	-0.24	1.80	6.50	0.07	-1.68	0.04	0.00	2.83	0.59	-1.09	-0.04	0.82	-0.24	-0.13	-1.56	0.06	0.08	3.25	0.37	0.38	0.01	0.27	-0.25	-0.10	-0.64	0.18	1.67	0.00	-0.02	-0.25	-0.20	-1.16	0.00	-0.37	0.32	1.56	0.70	0.12	-0.17	0.70	-0.77	-0.17		CAUS CONJ DEMO NEMD PRED THAC XX0 
JSC-14B-06O	-1.04	0.50	-1.42	-0.65	-0.63	-1.14	7.87	5.86	0.48	-0.52	-1.25	-1.50	2.61	3.71	-1.84	-0.46	-0.70	-1.76	8.86	-0.42	0.06	-0.91	1.30	-0.55	-0.48	-0.91	-1.66	3.50	-1.33	-3.34	-0.72	-1.06	-0.50	-1.14	-1.49	4.73	-0.73	0.82	-0.50	-5.79	-0.18	0.55	2.00	-1.53	-0.62	-0.35	-0.41	-0.25	1.00	-0.64	-0.59	3.58	-0.86	-0.15	-0.25	-0.80	-2.20	0.00	-0.74	-0.94	2.61	-0.60	-0.82	-0.33	-1.05	-0.81	-0.89	RB TTR [SPAU] 	CONJ DEMO EX FPP1 NEMD PRED TO [PRIV] [THATD] 
JSC-14B-07N	-1.04	0.38	-1.07	4.94	7.25	-1.14	-0.75	-0.10	-0.29	-0.52	-1.25	4.55	-1.22	2.36	-1.84	-0.46	-0.70	-0.02	2.00	0.10	-0.28	-0.91	2.26	-1.85	-1.45	-0.91	0.14	4.31	0.17	-1.20	-0.72	-1.06	10.00	-0.03	2.14	1.30	-0.73	1.21	-0.50	-2.23	0.66	0.05	0.16	0.03	4.23	-0.39	0.47	-0.25	-1.04	-0.64	-0.59	2.85	0.06	-1.43	-0.25	2.40	-2.20	0.00	0.44	-0.94	3.12	-0.60	-0.82	-0.33	2.10	-0.81	-0.89	TTR [SPAU] 	CAUS CONC EMPH FPP1 PHC PRED THAC TIME [BYPA] [PRIV] [SMP] [THATD] [WHSUB] 
JSC-14B-08N	1.62	-0.46	-0.12	5.47	2.25	-0.09	4.31	4.79	0.25	0.00	0.19	0.69	3.28	1.25	-1.53	-0.46	-0.70	0.14	4.48	1.24	-0.90	2.27	0.04	-1.54	0.01	-0.56	0.66	4.38	-0.24	-1.57	-0.13	1.81	-0.50	1.66	-0.49	1.25	3.45	-0.87	-0.50	-0.93	-0.18	0.25	0.49	0.18	-0.62	-0.48	-0.41	-0.25	-0.10	-0.64	-0.59	1.26	-0.51	-0.35	-0.25	-0.80	-0.80	0.00	-0.74	0.55	2.34	1.70	-0.12	-0.33	0.70	-0.81	-0.22		CAUS CONC CONJ DEMO EX NEMD OSUB PRED TOBJ [THATD] 
JSC-14B-09N	0.81	0.27	-0.90	2.18	-0.63	1.27	3.75	2.33	-0.25	-0.30	0.56	2.05	0.11	1.31	-0.71	0.31	-0.20	-1.36	6.33	-0.06	0.19	0.00	0.52	-1.83	0.85	-0.76	2.89	4.12	0.38	-0.89	-0.47	-0.19	1.83	0.52	-0.66	2.66	-0.27	-0.52	0.13	-0.60	-0.64	0.06	1.52	-0.40	1.23	-0.18	0.29	-0.25	-0.54	-0.64	-0.59	2.37	-0.46	-0.19	-0.25	-0.80	-0.84	5000.00	-0.37	0.16	1.12	10.40	-0.53	-0.33	4.70	-0.48	0.17		CAUS CONJ DEMO EMPH NEMD POMD PRED TO [PRIV] [SPIN] [WHCL] [WHSUB] 
JSC-14B-10N	0.96	0.15	-0.75	1.41	0.87	0.18	2.19	0.55	0.50	-0.52	0.56	1.40	2.33	1.05	-0.76	0.00	-0.10	-0.47	2.86	-0.41	0.19	-0.91	1.56	-1.15	0.76	-0.24	2.34	5.35	0.05	-2.01	-0.51	0.38	1.50	1.28	-1.00	1.18	1.91	0.84	0.25	-3.05	-0.55	0.48	2.13	0.21	0.31	-0.35	-0.23	-0.25	-1.10	-0.64	0.76	1.96	-0.20	-0.46	-0.25	0.40	-1.72	0.00	-0.30	0.58	0.51	4.60	-0.12	0.67	1.00	-0.81	-0.22	RB TTR 	CONJ EX NEMD POMD PRED XX0 [WHCL] 
JSC-14B-11N	0.50	-0.44	0.25	2.41	0.63	-0.05	3.75	1.93	0.17	-0.52	-0.69	1.55	1.00	1.05	-1.21	0.08	-0.60	-0.29	6.14	0.66	0.37	0.18	0.56	-0.99	0.10	-0.85	-0.37	4.42	-0.38	-1.60	-0.31	0.25	3.50	0.86	-0.20	0.59	2.00	0.32	-0.25	-0.31	-0.20	0.13	1.67	-0.37	0.85	-0.44	0.74	-0.25	-0.79	-0.18	-0.29	1.10	0.03	0.35	1.00	-0.30	-1.24	2000.00	-0.48	1.10	0.90	0.60	-0.71	0.00	0.70	-0.58	-0.11		CAUS CONJ NEMD PRED THAC [SPIN] 
JSC-14B-11O	-1.04	-0.94	0.15	17.76	-0.63	-1.14	-0.75	-2.36	5.56	-0.52	-1.25	-1.50	-1.22	1.35	-1.84	-0.46	-0.70	0.10	13.90	8.97	-1.38	-0.91	-1.26	-3.12	-1.45	-0.91	-1.66	-1.81	-1.33	-3.73	-0.72	-1.06	-0.50	9.66	-1.49	2.93	-0.73	-1.33	-0.50	-8.29	-0.29	-0.44	-1.39	-2.98	-0.62	-0.73	-1.45	-0.25	-1.65	-0.64	-0.59	1.28	8.09	-1.43	-0.25	-0.80	-2.20	0.00	-0.74	-0.94	-0.76	-0.60	-0.82	-0.33	-1.05	-0.81	-0.89	DEMO PIN RB TTR [BEMA] [SPAU] 	CAUS DEMP NEMD NN THVC TO [PROD] 
JSC-14B-12N	1.73	-0.04	-0.05	1.47	1.13	0.50	6.44	2.95	0.54	-0.52	1.00	0.38	0.39	0.50	-1.66	-0.46	-0.70	-1.20	7.57	0.79	0.47	0.36	0.33	-1.44	0.07	0.35	0.20	4.85	0.21	-2.26	-0.56	-0.19	1.83	0.10	-1.09	0.16	0.55	0.24	-0.50	-0.45	0.08	-0.27	2.38	0.43	0.46	-0.30	0.73	-0.25	-0.69	0.00	-0.18	1.45	-0.03	-0.35	-0.25	-0.80	-1.32	0.00	-0.22	0.68	1.51	0.80	0.00	-0.33	2.20	-0.81	-0.11	RB 	CONJ DEMO NEMD PRED XX0 [WHSUB] 
JSC-14B-13N	1.65	-0.02	-1.00	2.12	0.63	2.18	2.81	2.60	0.40	-0.39	-0.25	2.17	3.11	2.07	-0.95	0.77	-0.70	-0.62	0.48	-0.02	-0.24	0.73	0.48	-1.65	1.38	-0.24	1.54	4.31	2.21	-1.39	-0.38	-0.06	0.83	0.31	-0.06	1.34	1.18	-1.14	-0.13	-0.21	-0.44	0.30	-0.25	0.01	-0.38	-0.29	0.48	-0.25	-0.85	-0.18	-0.12	1.45	-0.77	-0.37	-0.25	0.00	-0.44	0.00	-0.56	0.84	0.78	-0.10	-0.24	-0.33	0.10	-0.81	-0.33		CAUS COND CONJ DEMO EMPH EX FPP1 PRED PRMD 
JSC-14B-14N	-1.04	-0.94	-0.32	-0.65	-0.63	8.95	-0.75	2.93	-0.96	-0.52	-1.25	1.14	4.94	3.21	-1.84	-0.46	4.85	0.32	4.29	-1.95	2.48	-0.91	-1.26	-0.41	1.68	-0.91	11.03	2.46	1.31	-1.84	0.09	-1.06	-0.50	2.69	-1.49	1.30	-0.73	-1.33	-0.50	-6.80	-1.32	0.33	0.43	-1.81	-0.62	-0.13	0.23	-0.25	-1.65	-0.64	-0.59	1.47	-0.86	0.63	-0.25	-0.80	-2.20	0.00	-0.74	2.65	1.95	-0.60	-0.82	-0.33	-1.05	-0.81	-0.89	TTR [SPAU] 	COND DEMO EX FPP1 INPR NEMD NOMZ POMD PRED THVC [SUAV] 
JSC-14B-15N	0.42	-0.15	0.48	-0.65	4.13	-1.14	8.69	3.93	-0.96	1.13	1.13	0.29	5.06	0.40	-1.84	-0.46	-0.70	0.79	6.19	0.12	2.55	-0.91	2.93	-1.23	0.14	-0.91	0.49	2.54	-1.33	-2.01	-0.72	1.31	-0.50	6.66	-0.40	0.04	2.73	0.01	-0.50	-2.81	-0.20	0.27	-0.16	0.20	-0.62	-0.73	1.97	-0.25	-0.21	-0.64	1.65	0.81	-0.86	0.67	-0.25	-0.80	-2.20	0.00	-0.74	0.29	0.17	-0.60	-0.82	-0.33	4.60	-0.81	-0.89	RB TTR [SPAU] 	CONC CONJ DEMO EX NEMD NOMZ PHC PRED THVC TOBJ [WHSUB] 
JSC-14B-16N	1.42	-0.06	-0.08	4.88	0.75	0.77	4.13	0.93	0.23	-0.30	-1.25	0.12	0.94	0.94	-1.21	-0.08	-0.55	0.72	3.29	0.94	0.01	-0.45	0.26	-1.74	2.13	-0.68	0.03	4.50	-0.05	-2.09	-0.40	-0.38	3.33	1.38	-0.89	1.18	1.82	-0.44	0.13	-0.84	-0.75	0.67	0.95	0.52	0.77	-0.31	0.23	-0.25	-0.85	-0.64	0.76	2.29	-0.71	0.06	0.25	-0.30	-1.56	0.00	-0.48	1.58	1.46	0.70	-0.35	-0.33	0.10	-0.74	-0.44	RB 	CAUS CONJ NEMD PIT PRED THAC [PRIV] 
JSC-14B-16O	0.04	0.02	-0.20	5.29	-0.63	0.55	3.25	0.93	-0.19	-0.52	-0.69	0.02	-0.72	0.82	-1.37	-0.46	-0.70	-0.15	5.57	1.76	-0.24	2.45	0.44	-1.61	2.69	-0.38	-0.34	1.38	-0.02	-2.27	-0.32	-1.06	1.00	1.38	-0.17	1.77	0.91	-0.47	-0.50	-2.09	-0.68	0.22	0.70	-0.85	0.08	-0.33	0.35	-0.25	-1.48	-0.64	-0.59	2.24	-0.86	-0.41	-0.25	0.10	-1.84	0.00	-0.74	1.42	1.49	0.30	-0.82	-0.33	-0.15	-0.81	0.11	RB TTR 	CAUS CONJ NEMD OSUB PIT [PRIV] 
JSC-14B-17N	0.42	-0.31	0.75	0.71	2.25	-0.09	3.50	1.95	-0.17	-0.17	0.62	0.12	1.28	0.69	0.53	-0.46	-0.70	0.22	0.81	0.98	0.76	-0.91	3.48	-0.88	0.14	-0.68	2.23	4.58	0.10	-2.02	-0.50	-0.13	2.00	-0.34	-1.06	2.18	4.09	-0.29	0.50	0.51	-0.67	0.31	1.57	-0.36	-0.62	-0.32	-0.20	-0.25	-1.21	-0.64	-0.59	1.46	0.66	-0.72	-0.25	0.00	-1.88	0.00	-0.19	-0.45	1.63	2.40	-0.82	-0.33	-0.30	-0.55	-0.89	RB 	CONC CONJ PHC POMD PRED TO TOBJ [WHCL] 
JSC-14B-18N	0.73	0.02	-0.60	2.06	-0.63	3.05	10.69	2.00	0.96	-0.52	-1.25	-0.40	3.89	1.59	-1.84	3.08	-0.70	-0.79	3.38	0.60	-0.42	-0.91	0.44	-2.54	3.72	-0.91	0.97	1.73	-1.33	-1.90	-0.72	1.81	7.17	0.45	-1.49	-0.20	3.45	0.92	-0.50	-4.25	-0.57	0.81	2.36	-0.57	-0.62	0.02	1.32	-0.25	1.00	-0.64	-0.59	1.36	-0.86	-1.43	-0.25	-0.80	3.32	0.00	-0.74	-0.94	1.49	-0.60	-0.82	-0.33	-1.05	-0.81	-0.89	PIN TTR 	CAUS COND CONJ EX HDG NEMD PIT THAC TOBJ XX0 [SPAU] 
JSC-14B-19N	2.27	-0.08	-0.77	4.18	0.25	-0.95	3.19	1.74	0.52	-0.22	0.88	0.64	1.06	1.34	-1.26	-0.15	-0.70	-0.29	3.62	0.78	-0.60	0.82	0.26	-1.28	0.61	0.18	0.69	2.65	0.26	-2.03	-0.36	-0.81	0.67	2.21	-0.43	0.68	0.64	-1.05	0.38	-0.98	-0.28	-0.12	1.43	-0.85	0.23	-0.16	0.92	-0.25	-0.37	-0.64	-0.35	2.93	-0.86	-0.26	-0.25	-0.40	-1.32	0.00	-0.33	0.26	1.07	2.00	-0.82	-0.33	-0.10	-0.68	-0.67	RB 	AMP CAUS CONJ NEMD PRED THVC [PRIV] 
JSC-14B-20N	3.15	-0.94	0.58	5.76	2.75	0.09	9.44	2.19	0.17	-0.52	0.44	-0.86	-1.22	1.57	-0.42	-0.46	-0.70	0.11	2.90	0.37	0.51	-0.91	1.78	-1.67	1.24	0.68	-0.11	4.46	1.90	-2.02	-0.72	-1.06	-0.50	-0.21	0.06	2.20	-0.73	-0.84	-0.50	-0.64	-0.33	-0.20	2.18	-0.40	-0.62	-0.44	0.61	-0.25	-0.62	-0.64	-0.59	1.41	-0.86	-0.43	13.25	-0.80	3.24	0.00	-0.74	2.58	1.24	-0.60	-0.82	-0.33	-1.05	-0.81	0.61	RB 	AMP CAUS CONC CONJ DEMO NEMD PRED TO XX0 [SERE] [SPAU] [SUAV] 
JSC-14B-21N	1.38	0.10	-0.02	2.41	0.38	-0.41	3.81	2.36	0.29	-0.52	0.38	2.29	0.83	1.14	-1.08	-0.08	-0.55	-0.27	6.95	0.48	-0.02	-0.64	1.93	-1.47	1.08	-0.53	0.89	6.54	-0.64	-1.55	-0.09	-0.25	2.50	0.38	-0.23	1.82	0.18	-0.84	-0.13	-0.84	-0.68	0.34	1.34	0.37	-0.38	-0.32	-0.11	-0.25	-0.90	-0.36	-0.29	1.56	-0.57	0.74	0.50	-0.80	-1.36	0.00	-0.37	0.68	0.63	1.20	-0.82	0.17	0.65	-0.39	-0.17		CAUS CONJ DEMO EMPH NEMD PRED THAC 
JSC-14B-22N	0.23	-0.25	0.77	1.29	-0.63	-1.14	7.44	1.52	-0.96	0.91	2.81	1.62	0.61	0.33	-1.84	-0.46	-0.70	1.46	-1.00	2.00	0.21	-0.91	6.00	-1.26	-0.07	0.06	-0.71	5.73	-0.55	-2.61	-0.01	-1.06	-0.50	2.24	-0.54	4.34	-0.73	-0.60	-0.50	-2.13	-1.11	0.31	0.75	1.15	-0.62	-0.73	-0.47	-0.25	-0.40	2.36	-0.59	0.47	-0.86	0.39	-0.25	-0.80	-2.20	0.00	0.48	1.16	0.05	-0.60	-0.82	-0.33	-1.05	-0.81	-0.89	RB TTR [SPAU] 	CONJ DWNT PHC PRED THVC TO [PIRE] 
JSC-14B-23N	-1.04	1.42	0.73	-0.65	-0.63	0.59	0.44	-0.12	-0.17	-0.52	-0.06	-1.05	-0.17	0.26	-1.84	1.00	-0.70	-0.12	8.00	0.02	2.03	2.55	3.63	-0.64	1.21	-0.91	-1.11	1.08	1.36	-0.94	0.10	0.12	2.67	1.45	0.14	-0.30	2.73	0.85	-0.50	-0.50	-0.76	0.48	0.77	-1.19	2.31	-0.22	-0.03	-0.25	-1.29	2.82	-0.59	0.44	0.23	-0.37	-0.25	-0.80	0.08	0.00	-0.74	1.48	0.17	-0.60	-0.82	-0.33	2.70	-0.81	-0.89		NEMD NOMZ OSUB PHC THAC TOBJ [BYPA] [PIRE] [WHSUB] 
JSC-14B-24N	0.69	-0.58	-0.02	1.35	-0.63	-0.64	3.06	3.36	0.21	-0.26	0.50	0.90	4.67	1.42	-1.39	-0.46	-0.70	-0.77	5.10	0.59	0.56	-0.36	2.48	-1.14	0.68	-0.91	0.43	3.58	0.00	-1.51	0.01	0.69	3.17	1.17	-0.86	1.13	5.36	-0.71	0.25	-1.03	-0.40	0.34	1.26	-0.93	-0.15	-0.46	1.17	-0.25	-1.12	-0.64	-0.24	1.33	-0.86	0.02	2.50	1.40	-1.32	0.00	-0.74	1.23	0.88	1.10	-0.47	-0.33	0.05	-0.61	0.06		CONJ DEMO EX NEMD PHC PRED THAC TOBJ [SERE] 
JSC-14B-25N	1.15	-0.21	0.48	2.59	0.87	1.05	3.25	3.00	0.48	-0.43	0.00	1.79	0.72	1.37	-1.66	-0.46	-0.60	0.16	7.10	0.17	1.16	0.09	2.04	-1.35	0.38	-0.56	0.23	4.96	0.07	-1.64	-0.37	-0.31	3.00	1.38	-0.43	0.48	1.09	-0.85	0.00	-1.22	-0.54	0.27	1.64	0.06	-0.23	-0.19	0.70	0.25	-0.63	-0.64	0.12	2.11	-0.66	0.19	1.00	-0.40	-1.00	0.00	-0.74	0.71	1.20	0.10	-0.29	1.67	0.45	-0.65	-0.22		CAUS CONJ DEMO NEMD PHC PRED THAC [PRIV] 
JSC-14B-25O	2.35	0.90	-0.02	-0.65	-0.63	-1.14	-0.75	1.81	-0.96	-0.52	4.25	4.76	-1.22	1.65	-1.84	-0.46	3.70	2.84	-1.00	-0.39	-0.17	-0.91	-1.26	-1.59	1.01	-0.91	3.34	4.92	-1.33	-2.23	-0.08	-1.06	-0.50	1.90	-1.49	6.73	-0.73	-1.33	-0.50	-5.93	-0.74	0.03	2.92	1.64	-0.62	-0.73	-1.45	-0.25	-1.65	-0.64	-0.59	3.33	-0.86	1.81	-0.25	-0.80	-2.20	0.00	-0.74	1.90	-0.76	-0.60	-0.82	-0.33	-1.05	2.03	-0.89	RB TTR [SPAU] 	AMP DWNT EMPH INPR JJ POMD PRED TO XX0 [PRIV] [WZPAST] 
JSC-14B-26N	1.69	0.54	0.52	0.59	1.13	0.45	6.81	1.69	-0.06	-0.52	-0.38	1.02	1.94	0.80	-1.29	0.08	-0.70	0.16	7.76	0.23	1.77	-0.27	2.41	-1.39	0.85	-0.71	2.60	3.92	-0.14	-2.07	-0.51	-0.19	1.83	0.59	-1.29	0.50	1.18	-1.01	1.25	-0.84	-1.04	0.20	1.62	-0.37	-0.08	-0.27	0.26	1.50	-1.65	-0.64	1.06	1.27	-0.86	1.07	5.00	-0.10	-1.64	0.00	-0.74	0.90	0.46	1.50	0.00	2.00	2.15	-0.81	-0.50	RB 	CONJ NEMD PHC POMD PRED [SERE] [WHSUB] 
JSC-14B-27N	-1.04	-0.19	0.12	5.65	-0.63	-1.14	8.19	1.90	0.52	-0.52	1.00	2.76	-1.22	0.33	-1.84	-0.46	-0.70	1.90	4.10	0.25	0.35	-0.91	1.37	-0.83	1.07	-0.91	-1.66	7.81	-0.48	-1.70	-0.20	-1.06	-0.50	1.31	0.54	-0.75	-0.73	-0.22	-0.50	-3.05	0.09	0.13	1.54	1.54	-0.62	-0.73	-0.91	-0.25	-1.65	-0.64	-0.59	1.02	-0.86	0.56	-0.25	-0.80	-2.20	0.00	-0.74	1.35	0.98	-0.60	-0.82	-0.33	-1.05	-0.81	-0.89	TTR [SPAU] 	CAUS CONJ EMPH NEMD PRED 
JSC-14B-28N	0.92	0.06	-1.13	3.76	0.63	-0.05	3.62	2.45	-0.21	-0.43	0.88	1.76	0.11	2.63	0.95	0.08	-0.45	-1.04	0.95	0.38	-0.66	0.00	0.19	-1.26	0.79	-0.71	0.26	9.42	0.38	-1.40	0.00	-0.94	2.33	2.28	-0.46	2.20	-0.55	-1.17	0.13	-1.99	-0.64	0.87	0.79	1.54	-0.46	-0.19	-0.03	-0.25	-1.10	-0.45	0.41	1.33	-0.80	-0.48	2.25	-0.10	-1.32	0.00	-0.30	0.16	1.41	0.40	-0.71	-0.33	0.30	-0.65	-0.22		CAUS CONJ DEMO FPP1 PRED THAC THVC TO [SERE] 
JSC-14B-29N	5.23	-0.38	-0.35	0.94	0.00	-0.41	1.63	2.40	0.06	-0.52	0.12	0.31	-0.61	1.55	-0.42	-0.08	-0.70	-0.29	0.57	0.29	0.53	-0.45	3.74	-1.32	-0.15	-0.12	0.20	8.62	-0.05	-1.76	-0.05	-0.75	-0.50	1.48	-1.17	0.73	-0.73	0.84	0.88	-0.40	-0.71	0.77	-0.25	0.44	-0.23	-0.20	0.03	1.00	-1.65	-0.64	-0.29	0.87	-0.54	0.19	-0.25	-0.30	-2.20	0.00	-0.74	0.13	0.95	-0.10	-0.53	-0.33	-0.80	-0.81	-0.61	[SPAU] 	AMP DEMO PHC PRED 
JSC-14B-30N	1.96	0.04	-0.05	1.59	1.00	0.68	4.94	2.98	0.25	-0.52	-0.56	0.55	0.00	1.53	-0.63	-0.15	-0.25	-0.57	5.24	0.92	-0.28	-0.45	1.30	-1.46	1.42	0.32	0.69	6.12	0.24	-1.84	-0.09	-0.75	5.33	1.00	-0.80	1.34	0.73	-1.02	0.38	-0.84	-0.49	0.28	1.43	0.05	0.54	-0.15	0.12	-0.25	-1.19	-0.64	-0.18	1.99	-0.11	0.22	0.25	-0.40	-1.56	2000.00	-0.67	1.06	0.59	1.00	-0.53	0.00	-0.50	-0.68	-0.39		CONJ DEMO NEMD PRED THAC [SPIN] 
JSC-14B-31N	0.69	-0.17	0.58	3.29	1.75	0.23	3.94	0.74	0.13	-0.22	0.12	0.71	0.83	0.80	-1.45	-0.15	-0.50	-0.18	7.14	-0.07	2.89	1.09	1.37	-0.98	0.65	-0.26	0.26	2.92	-0.36	-2.14	-0.34	-0.38	0.17	0.66	-0.11	1.20	-0.09	-0.33	0.38	-0.50	-0.99	0.41	1.23	-0.47	0.85	-0.40	-0.15	-0.25	-0.50	-0.64	-0.18	1.82	-0.74	0.44	1.50	-0.80	-1.44	0.00	-0.48	1.58	0.98	1.30	-0.59	-0.33	0.65	-0.32	-0.67	RB 	CAUS CONJ NEMD NOMZ PRED 
JSC-14B-32N	0.54	0.33	-0.20	2.35	0.63	-0.68	1.13	2.48	0.31	-0.52	1.31	2.36	1.61	1.41	-1.32	-0.46	-0.70	-0.42	5.29	1.12	-0.53	-0.91	1.74	-1.35	-0.17	-0.32	1.26	2.88	-0.12	-1.42	-0.35	0.19	2.83	1.66	-1.20	0.05	0.18	-0.65	-0.50	-0.12	0.08	0.22	1.10	-0.52	-0.62	0.15	1.62	-0.25	-0.10	-0.64	-0.59	2.47	0.00	-0.30	-0.25	-0.80	0.64	10000.00	-0.74	0.39	1.73	3.50	-0.82	-0.33	2.00	-0.48	-0.89		CAUS DEMO EMPH NEMD PRED THAC [PRIV] [SPIN] [WHCL] 
JSC-15A-01N	2.00	-0.17	0.15	2.59	0.38	3.59	5.06	1.45	-0.31	-0.35	0.31	0.90	1.00	1.37	-1.08	-0.38	-0.35	0.15	1.67	0.27	-0.17	-0.55	0.48	-1.59	0.63	-0.44	2.80	6.69	2.50	-1.68	-0.23	-0.63	2.67	1.41	-0.49	1.20	0.64	-0.85	0.00	-0.69	-0.90	0.45	1.64	0.16	0.31	-0.08	0.30	-0.25	-1.25	-0.64	-0.18	1.08	-0.51	-0.09	0.50	-0.20	-1.32	0.00	-0.59	0.77	0.85	0.90	-0.35	0.00	0.90	-0.45	0.94		CAUS COND CONJ POMD PRED PRMD THAC 
JSC-15A-02N	0.77	0.04	-0.05	2.59	0.25	0.55	4.06	0.48	-0.50	-0.43	2.31	1.10	-0.39	2.27	1.37	-0.46	-0.70	1.44	0.67	-0.40	-0.31	0.18	2.41	-1.78	1.87	-0.76	0.63	7.38	0.74	-1.65	-0.54	-0.75	0.67	0.76	-0.49	4.75	-0.09	-1.03	0.38	-1.65	-0.53	0.11	0.36	0.82	-0.08	-0.31	-1.00	0.25	-0.94	-0.64	-0.18	2.50	-0.66	0.87	-0.25	-0.80	-1.52	2000.00	0.00	-0.23	1.44	1.40	0.35	-0.33	-0.05	-0.74	-0.33		CAUS CONJ DWNT FPP1 PHC PRED TO [PRIV] [SPIN] 
JSC-15A-03N	1.27	-0.23	0.35	2.82	0.25	0.77	4.50	-0.52	-0.42	-0.26	0.44	0.76	1.17	1.19	-1.37	-0.46	-0.60	2.10	6.48	0.60	0.29	0.09	0.78	-1.32	0.97	-0.06	0.71	5.19	-0.07	-1.82	-0.33	-0.56	0.83	0.90	-0.31	1.52	0.91	-1.13	0.88	-1.32	-0.87	0.34	1.30	-0.13	0.08	-0.28	-0.02	0.00	-1.17	-0.64	-0.12	1.38	-0.51	-0.02	0.00	-0.40	-1.08	2000.00	-0.07	0.90	0.90	0.50	-0.76	-0.33	0.30	-0.65	-0.39		CAUS CONJ JJ NEMD PRED [SPIN] 
JSC-15A-04N	1.19	-0.52	-0.63	2.24	0.25	1.00	3.75	1.64	0.02	-0.35	0.50	1.26	1.00	1.66	2.03	0.08	-0.70	-0.47	4.10	0.03	-0.72	-0.18	0.07	-1.21	0.75	-0.68	3.26	6.38	-0.10	-1.60	-0.15	-0.25	2.17	1.24	-1.26	1.70	1.09	-0.58	-0.25	-0.74	-0.79	0.57	3.13	-0.11	0.85	0.22	0.15	0.00	-1.40	-0.55	-0.29	2.65	-0.63	0.09	-0.25	-0.60	-1.40	1000.00	-0.48	1.35	1.10	3.60	-0.18	-0.17	1.50	-0.61	-0.56		CAUS CONJ GER NEMD POMD PRED THAC XX0 [PRIV] [SPIN] [WHCL] 
JSC-15A-05N	1.12	-0.42	0.02	2.00	0.75	0.14	3.00	4.40	0.10	-0.48	-0.25	1.07	1.11	1.45	-1.26	-0.08	-0.65	0.41	5.90	0.18	0.24	0.00	0.59	-1.32	0.90	-0.44	0.49	7.08	-0.05	-1.61	-0.17	-0.81	1.67	1.21	-0.11	1.52	2.73	-0.80	0.50	-0.93	-0.88	0.61	1.38	0.44	-0.08	-0.20	0.42	0.00	-1.04	-0.55	-0.12	3.32	-0.37	0.28	0.25	0.40	-0.96	0.00	-0.48	2.23	1.37	-0.40	-0.59	-0.33	-0.05	-0.74	0.06		CONJ DEMO NEMD PRED TOBJ [PRIV] [SUAV] 
JSC-15A-06N	1.42	-0.38	0.48	1.53	-0.38	1.91	4.50	0.88	-0.44	-0.52	0.44	1.67	-0.28	2.78	-0.74	-0.31	-0.70	-0.15	2.29	-1.09	2.49	0.91	1.85	-1.74	0.25	-0.76	1.80	8.00	0.07	-1.26	-0.59	-0.44	1.50	-0.03	-1.06	5.37	-0.27	-1.11	0.13	-3.24	-0.07	-0.17	1.44	0.22	-0.08	-0.33	-0.92	-0.25	-1.13	-0.45	1.18	2.97	0.97	-0.19	-0.25	-0.60	-1.92	0.00	-0.74	-0.61	1.05	3.60	-0.53	-0.33	-0.70	-0.81	-0.50	TTR 	CONJ FPP1 NEMD NOMZ PRED TO [PRIV] [WHCL] 
JSC-15A-07N	1.96	-0.31	0.02	0.82	0.12	0.73	2.87	0.76	-0.04	-0.22	1.19	0.71	0.00	1.36	-0.82	-0.31	-0.30	-0.23	7.71	0.76	0.25	0.45	0.89	-0.84	0.45	-0.29	0.43	5.73	-0.48	-1.86	-0.01	-0.06	2.17	1.21	-0.89	1.20	1.64	-0.59	-0.13	-0.79	-0.81	0.50	1.69	0.11	0.77	-0.20	0.11	0.00	-0.92	-0.64	-0.06	1.94	-0.37	0.69	-0.25	-0.50	-1.40	1000.00	-0.56	2.77	1.05	0.40	-0.59	0.33	0.40	-0.68	-0.39		CONJ NEMD PRED THAC [SPIN] [SUAV] 
JSC-15A-08N	2.85	0.00	0.48	1.35	0.75	0.41	5.56	-0.21	-0.02	-0.04	0.88	1.43	2.50	0.59	-1.84	0.38	-0.70	1.55	5.43	0.57	1.11	-0.91	1.22	-2.05	1.87	-0.91	1.54	9.42	0.00	-1.94	-0.47	-0.38	3.17	0.79	-0.51	0.95	0.27	-0.38	0.88	-0.36	-1.17	0.81	1.18	1.27	-0.62	0.06	-0.09	2.50	-1.65	-0.64	0.06	1.18	-0.23	0.04	-0.25	0.30	-2.20	0.00	-0.74	0.16	2.24	0.50	0.47	-0.33	0.05	-0.45	-0.89	PIN [SPAU] 	AMP CONJ EX NEMD PRED THAC [PASTP] [THATD] 
JSC-15A-09N	1.96	0.31	0.10	2.88	2.38	2.14	5.69	-1.36	-0.33	-0.26	-0.13	0.07	0.78	1.25	-1.68	-0.46	-0.40	0.17	6.48	0.64	1.38	1.27	1.63	-0.88	0.93	-0.56	-0.46	5.15	0.98	-2.22	-0.63	-0.69	1.50	1.97	-0.97	1.86	-0.18	-0.93	-0.50	-1.75	-1.04	0.34	1.18	0.07	0.77	-0.40	-0.73	-0.25	-0.96	-0.64	-0.24	0.41	-0.51	0.48	-0.25	-0.20	-1.24	0.00	-0.07	1.19	0.41	0.00	0.24	-0.33	1.05	-0.81	-0.22	RB 	CAUS CONC COND CONJ NEMD PRED 
JSC-15A-10N	0.38	0.31	0.00	1.53	0.25	2.27	4.88	1.21	-0.19	-0.52	-0.81	0.81	2.94	1.40	-0.08	-0.46	-0.35	-0.52	5.43	0.85	0.18	-0.27	0.41	-1.02	1.30	-0.91	-0.17	5.12	-0.45	-1.94	-0.28	-0.63	2.00	1.69	-0.86	1.21	1.27	-0.86	0.38	-1.13	-0.63	0.34	1.07	0.09	-0.08	-0.48	0.02	-0.25	-1.52	-0.64	-0.18	3.03	-0.66	-0.59	-0.25	-0.80	-1.60	0.00	-0.74	1.23	1.61	1.60	0.06	-0.33	1.20	-0.58	0.33		COND CONJ EX NEMD PRED [PRIV] 
JSC-15A-11N	0.81	-0.69	-0.05	2.94	2.38	3.27	1.50	3.12	-0.46	-0.52	0.25	0.81	1.44	1.65	-0.89	-0.46	-0.70	0.38	1.90	0.31	-0.20	1.27	-0.81	-1.96	0.77	-0.91	0.09	7.50	0.69	-1.52	-0.46	-1.06	3.50	0.52	-0.80	-0.29	-0.73	-0.90	1.00	-0.79	-0.60	0.85	3.57	0.98	-0.62	0.05	0.02	-0.25	-0.96	-0.64	0.12	1.88	-0.17	-1.43	-0.25	0.40	-1.24	0.00	-0.30	-0.55	1.61	0.60	-0.82	1.67	0.15	-0.81	3.83		CAUS CONC COND DEMO PRED THAC XX0 [WZPRES] 
JSC-15B-01N	1.42	0.06	-0.18	1.41	0.12	0.00	3.81	1.57	0.04	-0.39	-0.63	0.62	0.89	1.21	-1.00	-0.46	-0.05	-0.39	4.90	0.68	0.21	0.55	1.67	-0.75	0.79	0.29	1.26	3.46	-0.64	-1.61	-0.49	0.12	0.00	0.62	-0.40	1.48	-0.18	-0.84	-0.50	-2.52	-0.01	-0.46	0.80	-0.60	0.85	-0.51	0.42	-0.25	-0.98	-0.64	-0.41	1.17	-0.40	-0.31	0.50	-0.80	-0.56	0.00	-0.26	0.29	0.24	0.70	0.29	-0.33	1.65	-0.61	-0.72	TTR 	CONJ NEMD PRED 
JSC-15B-02N	-0.31	-0.40	-0.05	3.18	1.00	0.64	1.69	2.10	-0.42	0.04	-1.25	1.12	2.00	0.84	-0.66	-0.46	-0.70	-0.82	4.52	0.50	1.67	-0.36	0.19	-1.04	1.83	-0.91	1.49	3.92	0.05	-2.22	-0.11	0.12	3.83	0.21	0.00	1.84	-0.18	-0.50	-0.50	-0.79	-0.55	-0.29	2.21	-0.19	-0.15	0.08	-0.27	-0.25	-0.79	-0.64	-0.24	0.94	-0.11	1.20	-0.25	-0.80	-1.44	0.00	-0.52	0.52	0.83	2.00	-0.47	-0.33	-0.40	-0.81	-0.89	RB 	CAUS DEMO NEMD PRED THAC XX0 
JSC-15B-03N	1.46	-0.08	-0.08	2.29	-0.25	0.45	3.31	1.57	0.08	-0.13	-0.31	0.45	2.06	0.31	-1.21	0.23	-0.70	0.15	3.19	1.37	0.33	-0.64	1.37	-0.84	1.20	-0.82	0.37	2.96	0.21	-1.88	-0.51	-0.69	2.00	0.07	-0.31	0.75	1.18	-0.91	1.00	-0.79	-0.14	-0.32	0.44	-0.13	1.00	-0.38	0.59	-0.25	-0.92	-0.64	0.29	0.87	-0.43	-0.89	0.50	-0.50	-1.60	3000.00	-0.19	0.29	0.54	0.90	-0.82	0.17	-0.15	-0.32	-0.06		CAUS CONJ EX NEMD PRED [SPIN] 
JSC-15B-04N	0.92	0.50	-0.18	0.59	0.50	-0.86	1.88	1.31	0.17	-0.26	0.44	1.10	0.61	0.75	-1.29	-0.46	-0.25	0.85	0.57	1.74	-0.58	1.00	-0.37	-0.72	0.17	0.06	0.31	5.27	0.02	-1.76	-0.52	-0.31	1.00	2.28	-0.80	0.14	2.55	-0.47	0.25	-1.08	0.53	-0.39	0.59	0.33	1.00	-0.40	0.20	0.50	-1.25	-0.64	0.12	1.38	-0.26	-0.20	-0.25	-0.20	-1.24	0.00	-0.19	-0.16	0.63	0.00	-0.65	0.17	1.50	-0.81	-0.22		PRED THVC TOBJ 
JSC-15B-05N	0.85	-0.33	0.48	1.06	1.75	0.64	3.19	1.57	0.35	-0.52	0.88	1.17	1.22	0.32	-1.58	-0.46	-0.45	0.19	1.76	1.10	-0.10	-0.91	0.74	-1.72	1.30	-0.47	1.40	5.31	0.40	-1.88	-0.64	-0.44	2.67	2.21	-0.37	2.13	0.64	-0.64	0.13	0.37	-0.68	0.32	0.75	0.29	-0.23	-0.36	0.47	-0.25	-1.00	-0.64	-0.59	0.85	-0.03	-0.52	-0.25	-0.30	-0.84	0.00	0.15	-0.77	0.78	-0.10	-0.82	1.33	0.15	-0.65	1.00		CONJ PRED THAC THVC TO 
JSC-15B-06N	0.92	-0.27	0.38	2.35	1.13	1.18	3.31	1.50	0.29	-0.30	1.63	0.71	1.89	0.25	-1.24	0.62	-0.70	0.27	4.10	0.88	0.13	-0.09	1.15	-0.87	1.23	0.03	1.00	5.31	0.10	-1.60	-0.49	0.12	1.83	1.28	-0.43	2.39	0.09	-0.42	-0.50	-1.89	-1.03	0.45	0.74	0.09	0.08	-0.38	-0.47	-0.25	-1.12	-0.64	0.76	2.37	-0.60	-0.31	-0.25	-0.30	-1.44	0.00	-0.04	0.26	1.05	-0.60	-0.53	0.50	0.10	-0.52	-0.11		CAUS CONJ NEMD PRED TO [PRIV] 
JSC-15B-07N	0.92	-0.04	0.25	1.35	0.50	-0.36	1.38	2.71	-0.06	-0.52	0.38	0.33	2.56	0.59	-1.16	-0.46	-0.70	-0.96	5.10	0.81	0.16	-0.09	0.63	-1.63	1.80	-0.65	0.29	5.08	0.29	-1.78	-0.47	-0.50	1.00	2.10	-0.26	0.70	-0.73	-0.68	0.62	-0.60	-0.50	0.50	1.97	-0.19	0.08	-0.22	1.39	-0.25	-0.67	-0.64	-0.59	1.96	0.60	-0.17	2.00	0.10	-0.48	0.00	-0.41	0.45	0.71	2.80	-0.82	-0.33	0.25	-0.52	0.06		DEMO EX NEMD PRED THVC [WHCL] 
CORPUS	0.80	-0.06	-0.04	2.48	0.65	0.62	3.58	1.62	0.06	-0.32	0.33	0.97	0.89	1.20	-1.11	-0.22	-0.48	-0.11	4.58	0.53	0.34	0.16	1.10	-1.35	0.74	-0.42	0.92	5.09	0.16	-1.84	-0.43	-0.29	2.06	1.15	-0.49	1.50	0.85	-0.43	0.27	-1.58	-0.55	0.25	1.37	-0.03	0.14	-0.25	0.27	-0.02	-0.89	-0.53	-0.11	1.60	-0.23	-0.03	0.41	-0.24	-1.20	671.23	-0.50	0.53	1.02	0.90	-0.40	0.21	0.66	-0.62	-0.24		CAUS CONJ NEMD PRED THAC [SPIN] 